UCB
{'80': {'6': [0.36, 0.37]}, '30': {'6': [0.36, 0.37]}}
SACrit_BayesAnneal
{'80': {'6': [(0.05, 0.8, 3.0), (0.05, 0.85, 3.0), (0.05, 0.8, 2.5), (0.1, 0.6, 6.5), (0.1, 0.6, 7.5), (0.1, 0.55, 8.0), (0.05, 0.85, 3.5), (0.1, 0.6, 5.5), (0.05, 0.8, 3.5), (0.05, 0.85, 4.0), (0.1, 0.55, 8.5), (0.05, 0.85, 2.5), (0.1, 0.65, 6.5), (0.1, 0.5, 8.5), (0.05, 0.9, 3.0)]}, '30': {'6': [(0.05, 0.8, 3.0), (0.05, 0.85, 3.0), (0.05, 0.8, 2.5), (0.1, 0.6, 6.5), (0.1, 0.6, 7.5), (0.1, 0.55, 8.0), (0.05, 0.85, 3.5), (0.1, 0.6, 5.5), (0.05, 0.8, 3.5), (0.05, 0.85, 4.0), (0.1, 0.55, 8.5), (0.05, 0.85, 2.5), (0.1, 0.65, 6.5), (0.1, 0.5, 8.5), (0.05, 0.9, 3.0)]}}
SACrit_BayesAnneal_mod
{'80': {'6': [(0.05, 0.75, 2.0), (0.05, 0.7, 2.0), (0.05, 0.7, 1.0), (0.1, 0.35, 8.5), (0.1, 0.4, 8.0), (0.05, 0.7, 1.5), (0.05, 0.8, 1.5), (0.05, 0.75, 1.0), (0.05, 0.8, 2.0), (0.05, 0.75, 3.0), (0.1, 0.4, 10.0), (0.1, 0.4, 9.5), (0.1, 0.4, 7.5)]}, '30': {'6': [(0.05, 0.75, 2.0), (0.05, 0.7, 2.0), (0.05, 0.7, 1.0), (0.1, 0.35, 8.5), (0.1, 0.4, 8.0), (0.05, 0.7, 1.5), (0.05, 0.8, 1.5), (0.05, 0.75, 1.0), (0.05, 0.8, 2.0), (0.05, 0.75, 3.0), (0.1, 0.4, 10.0), (0.1, 0.4, 9.5), (0.1, 0.4, 7.5)]}}
RL
{'80': {'6': [(0.15, 66.0), (0.15, 42.0), (0.15, 40.0), (0.15, 52.0), (0.15, 74.0), (0.15, 72.0), (0.15, 68.0), (0.15, 70.0), (0.15, 76.0), (0.15, 64.0), (0.1, 50.0), (0.15, 94.0), (0.15, 62.0), (0.15, 44.0), (0.15, 50.0), (0.15, 78.0), (0.15, 92.0), (0.15, 96.0), (0.15, 80.0), (0.15, 100.0), (0.15, 86.0), (0.1, 52.0), (0.15, 90.0), (0.15, 84.0), (0.1, 78.0), (0.15, 82.0), (0.15, 54.0), (0.15, 88.0), (0.15, 98.0), (0.15, 56.0), (0.1, 56.0), (0.15, 60.0), (0.15, 48.0), (0.15, 58.0), (0.15, 46.0), (0.1, 92.0), (0.1, 80.0), (0.1, 54.0), (0.1, 94.0), (0.1, 86.0), (0.1, 100.0), (0.1, 58.0), (0.1, 76.0), (0.1, 90.0), (0.1, 88.0), (0.1, 96.0), (0.1, 98.0), (0.1, 60.0), (0.1, 74.0), (0.1, 68.0), (0.1, 72.0), (0.1, 66.0), (0.1, 62.0), (0.1, 70.0), (0.2, 98.0), (0.1, 64.0), (0.2, 100.0), (0.2, 96.0), (0.2, 94.0), (0.2, 92.0), (0.2, 90.0)]}, '30': {'6': [(0.15, 66.0), (0.15, 42.0), (0.15, 40.0), (0.15, 52.0), (0.15, 74.0), (0.15, 72.0), (0.15, 68.0), (0.15, 70.0), (0.15, 76.0), (0.15, 64.0), (0.1, 50.0), (0.15, 94.0), (0.15, 62.0), (0.15, 44.0), (0.15, 50.0), (0.15, 78.0), (0.15, 92.0), (0.15, 96.0), (0.15, 80.0), (0.15, 100.0), (0.15, 86.0), (0.1, 52.0), (0.15, 90.0), (0.15, 84.0), (0.1, 78.0), (0.15, 82.0), (0.15, 54.0), (0.15, 88.0), (0.15, 98.0), (0.15, 56.0), (0.1, 56.0), (0.15, 60.0), (0.15, 48.0), (0.15, 58.0), (0.15, 46.0), (0.1, 92.0), (0.1, 80.0), (0.1, 54.0), (0.1, 94.0), (0.1, 86.0), (0.1, 100.0), (0.1, 58.0), (0.1, 76.0), (0.1, 90.0), (0.1, 88.0), (0.1, 96.0), (0.1, 98.0), (0.1, 60.0), (0.1, 74.0), (0.1, 68.0), (0.1, 72.0), (0.1, 66.0), (0.1, 62.0), (0.1, 70.0), (0.2, 98.0), (0.1, 64.0), (0.2, 100.0), (0.2, 96.0), (0.2, 94.0), (0.2, 92.0), (0.2, 90.0)]}}
NoHebb
{'80': {'6': []}, '30': {'6': []}}
Bmod
{'80': {'6': [(0.05, 0.75, 2.0), (0.05, 0.85, 1.5), (0.05, 0.75, 1.5), (0.05, 0.8, 1.5), (0.05, 0.9, 1.5), (0.05, 0.8, 1.0), (0.1, 0.6, 4.0), (0.05, 0.9, 2.0), (0.05, 0.85, 2.0), (0.1, 0.55, 4.0), (0.05, 0.8, 2.0)]}, '30': {'6': [(0.05, 0.75, 2.0), (0.05, 0.85, 1.5), (0.05, 0.75, 1.5), (0.05, 0.8, 1.5), (0.05, 0.9, 1.5), (0.05, 0.8, 1.0), (0.1, 0.6, 4.0), (0.05, 0.9, 2.0), (0.05, 0.85, 2.0), (0.1, 0.55, 4.0), (0.05, 0.8, 2.0)]}}
