UCB
{'80': {'2': [0.51, 0.5]}, '30': {'2': [0.51, 0.5]}}
SACrit_BayesAnneal
{'80': {'2': [(0.025, 1.0, 1.0)]}, '30': {'2': [(0.025, 1.0, 1.0)]}}
SACrit_BayesAnneal_mod
{'80': {'2': [(0.05, 0.95, 1.0)]}, '30': {'2': [(0.05, 0.95, 1.0)]}}
RL
{'80': {'2': [(0.1, 28.0), (0.15, 48.0), (0.15, 46.0), (0.15, 52.0), (0.15, 44.0), (0.15, 50.0), (0.15, 54.0), (0.15, 36.0), (0.15, 100.0), (0.15, 96.0), (0.15, 40.0), (0.15, 88.0), (0.1, 32.0), (0.15, 86.0), (0.1, 30.0), (0.15, 34.0), (0.15, 92.0), (0.15, 90.0), (0.15, 42.0), (0.15, 94.0), (0.15, 98.0), (0.15, 38.0), (0.15, 66.0), (0.15, 74.0), (0.15, 72.0), (0.1, 34.0), (0.15, 78.0), (0.1, 36.0), (0.1, 40.0), (0.1, 38.0), (0.15, 32.0), (0.1, 46.0), (0.1, 44.0), (0.1, 42.0), (0.2, 86.0), (0.2, 82.0), (0.2, 84.0), (0.1, 48.0), (0.2, 80.0), (0.2, 78.0), (0.1, 50.0), (0.2, 76.0)]}, '30': {'2': [(0.1, 28.0), (0.15, 48.0), (0.15, 46.0), (0.15, 52.0), (0.15, 44.0), (0.15, 50.0), (0.15, 54.0), (0.15, 36.0), (0.15, 100.0), (0.15, 96.0), (0.15, 40.0), (0.15, 88.0), (0.1, 32.0), (0.15, 86.0), (0.1, 30.0), (0.15, 34.0), (0.15, 92.0), (0.15, 90.0), (0.15, 42.0), (0.15, 94.0), (0.15, 98.0), (0.15, 38.0), (0.15, 66.0), (0.15, 74.0), (0.15, 72.0), (0.1, 34.0), (0.15, 78.0), (0.1, 36.0), (0.1, 40.0), (0.1, 38.0), (0.15, 32.0), (0.1, 46.0), (0.1, 44.0), (0.1, 42.0), (0.2, 86.0), (0.2, 82.0), (0.2, 84.0), (0.1, 48.0), (0.2, 80.0), (0.2, 78.0), (0.1, 50.0), (0.2, 76.0)]}}
NoHebb
{'80': {'2': []}, '30': {'2': []}}
Bmod
{'80': {'2': [(0.05, 0.8, 1.0), (0.05, 0.75, 1.0), (0.05, 0.9, 1.5), (0.05, 0.6, 1.0)]}, '30': {'2': [(0.05, 0.8, 1.0), (0.05, 0.75, 1.0), (0.05, 0.9, 1.5), (0.05, 0.6, 1.0)]}}
