UCB
{'80': {'5': [0.37]}, '30': {'5': [0.37]}}
SACrit_BayesAnneal
{'80': {'5': [(0.05, 0.8, 3.0), (0.05, 0.9, 3.0), (0.05, 0.9, 2.0), (0.05, 0.85, 2.5), (0.05, 0.85, 3.0), (0.05, 0.9, 2.5), (0.05, 0.75, 3.0), (0.05, 0.95, 3.0), (0.05, 0.95, 4.0), (0.05, 0.85, 3.5), (0.05, 0.8, 3.5), (0.1, 0.6, 5.0), (0.05, 0.85, 4.0), (0.05, 0.95, 2.0), (0.1, 0.6, 7.0), (0.1, 0.55, 5.5), (0.05, 0.95, 2.5), (0.05, 0.75, 3.5), (0.05, 1.0, 3.5), (0.05, 1.0, 4.0), (0.05, 1.0, 3.0), (0.05, 1.0, 2.5), (0.05, 0.9, 3.5), (0.1, 0.55, 6.0), (0.05, 0.95, 3.5), (0.05, 0.75, 4.0), (0.05, 0.8, 4.5), (0.05, 0.9, 4.0), (0.1, 0.7, 6.5)]}, '30': {'5': [(0.05, 0.8, 3.0), (0.05, 0.9, 3.0), (0.05, 0.9, 2.0), (0.05, 0.85, 2.5), (0.05, 0.85, 3.0), (0.05, 0.9, 2.5), (0.05, 0.75, 3.0), (0.05, 0.95, 3.0), (0.05, 0.95, 4.0), (0.05, 0.85, 3.5), (0.05, 0.8, 3.5), (0.1, 0.6, 5.0), (0.05, 0.85, 4.0), (0.05, 0.95, 2.0), (0.1, 0.6, 7.0), (0.1, 0.55, 5.5), (0.05, 0.95, 2.5), (0.05, 0.75, 3.5), (0.05, 1.0, 3.5), (0.05, 1.0, 4.0), (0.05, 1.0, 3.0), (0.05, 1.0, 2.5), (0.05, 0.9, 3.5), (0.1, 0.55, 6.0), (0.05, 0.95, 3.5), (0.05, 0.75, 4.0), (0.05, 0.8, 4.5), (0.05, 0.9, 4.0), (0.1, 0.7, 6.5)]}}
SACrit_BayesAnneal_mod
{'80': {'5': [(0.05, 0.7, 1.0), (0.05, 0.8, 1.0), (0.05, 0.8, 1.5), (0.05, 0.85, 1.5), (0.05, 0.85, 1.0), (0.1, 0.35, 7.0), (0.05, 0.8, 2.5), (0.05, 0.8, 3.5), (0.1, 0.35, 9.0), (0.05, 0.8, 2.0), (0.1, 0.45, 10.0), (0.05, 0.85, 3.0), (0.05, 0.7, 2.5), (0.05, 0.85, 4.0), (0.05, 0.85, 5.0), (0.05, 0.85, 2.0), (0.05, 0.9, 3.5)]}, '30': {'5': [(0.05, 0.7, 1.0), (0.05, 0.8, 1.0), (0.05, 0.8, 1.5), (0.05, 0.85, 1.5), (0.05, 0.85, 1.0), (0.1, 0.35, 7.0), (0.05, 0.8, 2.5), (0.05, 0.8, 3.5), (0.1, 0.35, 9.0), (0.05, 0.8, 2.0), (0.1, 0.45, 10.0), (0.05, 0.85, 3.0), (0.05, 0.7, 2.5), (0.05, 0.85, 4.0), (0.05, 0.85, 5.0), (0.05, 0.85, 2.0), (0.05, 0.9, 3.5)]}}
RL
{'80': {'5': [(0.15, 98.0), (0.15, 100.0), (0.15, 96.0), (0.15, 34.0), (0.15, 84.0), (0.15, 82.0), (0.15, 90.0), (0.15, 94.0), (0.1, 36.0), (0.15, 88.0), (0.15, 86.0), (0.15, 92.0), (0.15, 76.0), (0.15, 80.0), (0.15, 64.0), (0.15, 40.0), (0.15, 74.0), (0.15, 52.0), (0.15, 50.0), (0.1, 38.0), (0.15, 62.0), (0.15, 78.0), (0.15, 36.0), (0.15, 30.0), (0.15, 60.0), (0.15, 68.0), (0.15, 56.0), (0.1, 40.0), (0.15, 58.0), (0.15, 54.0), (0.15, 66.0), (0.15, 42.0), (0.15, 72.0), (0.15, 70.0), (0.1, 46.0), (0.15, 44.0), (0.1, 50.0), (0.15, 48.0), (0.15, 46.0), (0.1, 52.0), (0.1, 48.0), (0.1, 86.0), (0.1, 72.0), (0.1, 88.0), (0.1, 82.0), (0.2, 66.0), (0.1, 70.0), (0.1, 66.0), (0.1, 84.0), (0.1, 90.0), (0.2, 46.0), (0.1, 62.0), (0.1, 64.0), (0.1, 68.0), (0.1, 92.0), (0.1, 74.0), (0.2, 52.0), (0.1, 54.0), (0.2, 44.0), (0.2, 60.0), (0.1, 76.0), (0.2, 54.0), (0.1, 80.0), (0.1, 56.0)]}, '30': {'5': [(0.15, 98.0), (0.15, 100.0), (0.15, 96.0), (0.15, 34.0), (0.15, 84.0), (0.15, 82.0), (0.15, 90.0), (0.15, 94.0), (0.1, 36.0), (0.15, 88.0), (0.15, 86.0), (0.15, 92.0), (0.15, 76.0), (0.15, 80.0), (0.15, 64.0), (0.15, 40.0), (0.15, 74.0), (0.15, 52.0), (0.15, 50.0), (0.1, 38.0), (0.15, 62.0), (0.15, 78.0), (0.15, 36.0), (0.15, 30.0), (0.15, 60.0), (0.15, 68.0), (0.15, 56.0), (0.1, 40.0), (0.15, 58.0), (0.15, 54.0), (0.15, 66.0), (0.15, 42.0), (0.15, 72.0), (0.15, 70.0), (0.1, 46.0), (0.15, 44.0), (0.1, 50.0), (0.15, 48.0), (0.15, 46.0), (0.1, 52.0), (0.1, 48.0), (0.1, 86.0), (0.1, 72.0), (0.1, 88.0), (0.1, 82.0), (0.2, 66.0), (0.1, 70.0), (0.1, 66.0), (0.1, 84.0), (0.1, 90.0), (0.2, 46.0), (0.1, 62.0), (0.1, 64.0), (0.1, 68.0), (0.1, 92.0), (0.1, 74.0), (0.2, 52.0), (0.1, 54.0), (0.2, 44.0), (0.2, 60.0), (0.1, 76.0), (0.2, 54.0), (0.1, 80.0), (0.1, 56.0)]}}
NoHebb
{'80': {'5': []}, '30': {'5': []}}
Bmod
{'80': {'5': [(0.05, 0.85, 1.0), (0.05, 0.75, 1.0), (0.05, 0.9, 1.0), (0.1, 0.6, 1.0), (0.05, 0.8, 1.5), (0.05, 0.85, 1.5), (0.05, 0.75, 1.5), (0.05, 0.9, 1.5), (0.05, 0.7, 1.5), (0.05, 0.95, 1.5), (0.05, 1.0, 1.0), (0.05, 0.8, 2.0), (0.05, 0.9, 2.0), (0.1, 0.5, 3.0), (0.05, 0.75, 2.0), (0.05, 1.0, 1.5)]}, '30': {'5': [(0.05, 0.85, 1.0), (0.05, 0.75, 1.0), (0.05, 0.9, 1.0), (0.1, 0.6, 1.0), (0.05, 0.8, 1.5), (0.05, 0.85, 1.5), (0.05, 0.75, 1.5), (0.05, 0.9, 1.5), (0.05, 0.7, 1.5), (0.05, 0.95, 1.5), (0.05, 1.0, 1.0), (0.05, 0.8, 2.0), (0.05, 0.9, 2.0), (0.1, 0.5, 3.0), (0.05, 0.75, 2.0), (0.05, 1.0, 1.5)]}}
