UCB
{'80': {'2': [0.51]}, '30': {'2': [0.51]}}
SACrit_BayesAnneal
{'80': {'2': []}, '30': {'2': []}}
SACrit_BayesAnneal_mod
{'80': {'2': []}, '30': {'2': []}}
RL
{'80': {'2': [(0.1, 28.0), (0.05, 26.0), (0.1, 30.0), (0.1, 32.0), (0.05, 28.0), (0.1, 40.0), (0.1, 34.0), (0.1, 36.0), (0.1, 38.0), (0.1, 44.0), (0.1, 46.0), (0.05, 30.0), (0.15, 48.0), (0.1, 42.0), (0.15, 50.0), (0.15, 44.0), (0.15, 46.0), (0.15, 96.0), (0.15, 92.0), (0.15, 54.0), (0.1, 48.0), (0.15, 52.0), (0.15, 94.0), (0.1, 98.0), (0.1, 100.0), (0.1, 96.0), (0.15, 56.0), (0.15, 90.0), (0.15, 42.0), (0.1, 88.0), (0.15, 88.0), (0.1, 50.0), (0.1, 86.0), (0.1, 94.0), (0.1, 90.0), (0.1, 52.0), (0.05, 32.0), (0.1, 54.0), (0.15, 60.0), (0.15, 62.0), (0.15, 64.0), (0.1, 92.0), (0.1, 84.0), (0.15, 40.0), (0.1, 56.0), (0.15, 82.0), (0.1, 66.0), (0.1, 76.0), (0.1, 58.0), (0.1, 78.0), (0.15, 38.0), (0.1, 64.0), (0.1, 80.0), (0.1, 68.0), (0.1, 60.0), (0.1, 62.0), (0.15, 66.0), (0.15, 70.0), (0.1, 70.0), (0.1, 82.0), (0.1, 74.0), (0.15, 68.0), (0.15, 74.0), (0.1, 72.0), (0.15, 72.0), (0.15, 76.0), (0.05, 34.0)]}, '30': {'2': [(0.1, 28.0), (0.05, 26.0), (0.1, 30.0), (0.1, 32.0), (0.05, 28.0), (0.1, 40.0), (0.1, 34.0), (0.1, 36.0), (0.1, 38.0), (0.1, 44.0), (0.1, 46.0), (0.05, 30.0), (0.15, 48.0), (0.1, 42.0), (0.15, 50.0), (0.15, 44.0), (0.15, 46.0), (0.15, 96.0), (0.15, 92.0), (0.15, 54.0), (0.1, 48.0), (0.15, 52.0), (0.15, 94.0), (0.1, 98.0), (0.1, 100.0), (0.1, 96.0), (0.15, 56.0), (0.15, 90.0), (0.15, 42.0), (0.1, 88.0), (0.15, 88.0), (0.1, 50.0), (0.1, 86.0), (0.1, 94.0), (0.1, 90.0), (0.1, 52.0), (0.05, 32.0), (0.1, 54.0), (0.15, 60.0), (0.15, 62.0), (0.15, 64.0), (0.1, 92.0), (0.1, 84.0), (0.15, 40.0), (0.1, 56.0), (0.15, 82.0), (0.1, 66.0), (0.1, 76.0), (0.1, 58.0), (0.1, 78.0), (0.15, 38.0), (0.1, 64.0), (0.1, 80.0), (0.1, 68.0), (0.1, 60.0), (0.1, 62.0), (0.15, 66.0), (0.15, 70.0), (0.1, 70.0), (0.1, 82.0), (0.1, 74.0), (0.15, 68.0), (0.15, 74.0), (0.1, 72.0), (0.15, 72.0), (0.15, 76.0), (0.05, 34.0)]}}
NoHebb
{'80': {'2': []}, '30': {'2': []}}
Bmod
{'80': {'2': []}, '30': {'2': []}}
