UCB
{'80': {'5': []}, '30': {'5': []}}
SACrit_BayesAnneal
{'80': {'5': [(0.1, 0.75, 5.5), (0.05, 1.0, 4.0), (0.1, 0.8, 6.0), (0.1, 0.8, 5.5), (0.1, 0.75, 5.0), (0.1, 0.8, 4.0)]}, '30': {'5': [(0.1, 0.75, 5.5), (0.05, 1.0, 4.0), (0.1, 0.8, 6.0), (0.1, 0.8, 5.5), (0.1, 0.75, 5.0), (0.1, 0.8, 4.0)]}}
SACrit_BayesAnneal_mod
{'80': {'5': [(0.05, 1.0, 1.5)]}, '30': {'5': [(0.05, 1.0, 1.5)]}}
RL
{'80': {'5': [(0.2, 24.0), (0.2, 28.0), (0.15, 34.0), (0.25, 56.0), (0.2, 100.0), (0.25, 64.0), (0.2, 98.0), (0.25, 54.0), (0.25, 58.0), (0.25, 92.0), (0.25, 94.0), (0.25, 96.0), (0.25, 60.0), (0.2, 96.0), (0.25, 98.0), (0.2, 22.0), (0.2, 54.0), (0.25, 52.0), (0.15, 40.0), (0.25, 62.0), (0.2, 56.0), (0.15, 32.0), (0.2, 36.0), (0.15, 96.0), (0.15, 36.0), (0.15, 84.0), (0.2, 94.0), (0.25, 100.0), (0.2, 52.0), (0.15, 74.0), (0.15, 82.0), (0.15, 94.0), (0.25, 66.0), (0.2, 92.0), (0.15, 90.0), (0.15, 88.0), (0.2, 60.0), (0.15, 92.0), (0.2, 44.0)]}, '30': {'5': [(0.2, 24.0), (0.2, 28.0), (0.15, 34.0), (0.25, 56.0), (0.2, 100.0), (0.25, 64.0), (0.2, 98.0), (0.25, 54.0), (0.25, 58.0), (0.25, 92.0), (0.25, 94.0), (0.25, 96.0), (0.25, 60.0), (0.2, 96.0), (0.25, 98.0), (0.2, 22.0), (0.2, 54.0), (0.25, 52.0), (0.15, 40.0), (0.25, 62.0), (0.2, 56.0), (0.15, 32.0), (0.2, 36.0), (0.15, 96.0), (0.15, 36.0), (0.15, 84.0), (0.2, 94.0), (0.25, 100.0), (0.2, 52.0), (0.15, 74.0), (0.15, 82.0), (0.15, 94.0), (0.25, 66.0), (0.2, 92.0), (0.15, 90.0), (0.15, 88.0), (0.2, 60.0), (0.15, 92.0), (0.2, 44.0)]}}
NoHebb
{'80': {'5': []}, '30': {'5': []}}
Bmod
{'80': {'5': [(0.05, 1.0, 1.5), (0.1, 0.85, 2.5), (0.1, 0.9, 2.5), (0.1, 0.9, 3.5), (0.1, 0.95, 2.5), (0.1, 0.85, 3.0), (0.1, 0.75, 2.0), (0.1, 0.9, 3.0), (0.1, 0.8, 1.5), (0.1, 1.0, 2.5), (0.1, 1.0, 3.0), (0.1, 0.75, 3.5), (0.1, 0.8, 3.5), (0.1, 0.75, 1.5), (0.1, 1.0, 4.5)]}, '30': {'5': [(0.05, 1.0, 1.5), (0.1, 0.85, 2.5), (0.1, 0.9, 2.5), (0.1, 0.9, 3.5), (0.1, 0.95, 2.5), (0.1, 0.85, 3.0), (0.1, 0.75, 2.0), (0.1, 0.9, 3.0), (0.1, 0.8, 1.5), (0.1, 1.0, 2.5), (0.1, 1.0, 3.0), (0.1, 0.75, 3.5), (0.1, 0.8, 3.5), (0.1, 0.75, 1.5), (0.1, 1.0, 4.5)]}}
