UCB
{'80': {'3': []}, '30': {'3': []}}
SACrit_BayesAnneal
{'80': {'3': [(0.1, 0.95, 5.0), (0.1, 0.95, 5.5), (0.1, 0.9, 5.0), (0.1, 0.9, 5.5), (0.05, 1.0, 2.5), (0.1, 1.0, 4.5), (0.1, 1.0, 5.5), (0.05, 1.0, 4.0), (0.1, 0.8, 5.0), (0.1, 1.0, 7.0), (0.1, 0.95, 6.0), (0.1, 0.8, 5.5), (0.1, 1.0, 6.0), (0.1, 0.9, 6.0), (0.1, 1.0, 7.5), (0.05, 1.0, 3.5)]}, '30': {'3': [(0.1, 0.95, 5.0), (0.1, 0.95, 5.5), (0.1, 0.9, 5.0), (0.1, 0.9, 5.5), (0.05, 1.0, 2.5), (0.1, 1.0, 4.5), (0.1, 1.0, 5.5), (0.05, 1.0, 4.0), (0.1, 0.8, 5.0), (0.1, 1.0, 7.0), (0.1, 0.95, 6.0), (0.1, 0.8, 5.5), (0.1, 1.0, 6.0), (0.1, 0.9, 6.0), (0.1, 1.0, 7.5), (0.05, 1.0, 3.5)]}}
SACrit_BayesAnneal_mod
{'80': {'3': [(0.05, 1.0, 2.0), (0.1, 0.6, 2.5), (0.05, 1.0, 1.0), (0.1, 0.6, 3.0), (0.1, 0.65, 3.0), (0.05, 1.0, 4.0), (0.1, 0.7, 2.5), (0.1, 0.55, 3.0), (0.1, 0.7, 7.0), (0.1, 0.75, 1.5), (0.1, 0.7, 7.5), (0.05, 0.95, 1.0), (0.1, 0.75, 2.5), (0.1, 0.55, 2.5), (0.1, 0.7, 8.0), (0.1, 0.6, 3.5), (0.1, 0.6, 7.5), (0.1, 0.7, 8.5), (0.1, 0.7, 6.5), (0.1, 0.65, 7.5), (0.1, 0.55, 3.5), (0.1, 0.7, 9.0), (0.1, 0.6, 4.5), (0.1, 0.8, 2.5), (0.1, 0.65, 5.0), (0.1, 0.7, 10.0), (0.1, 0.65, 6.5), (0.1, 0.75, 5.5), (0.1, 0.6, 9.0), (0.1, 0.7, 9.5), (0.05, 1.0, 6.0), (0.1, 0.65, 7.0), (0.05, 1.0, 5.5), (0.1, 0.65, 8.0), (0.1, 0.65, 5.5), (0.1, 0.7, 6.0), (0.05, 1.0, 6.5), (0.1, 0.75, 7.0), (0.1, 0.6, 9.5), (0.1, 0.65, 4.0), (0.1, 0.65, 6.0), (0.1, 0.75, 6.0), (0.1, 0.6, 10.0), (0.1, 0.65, 8.5), (0.1, 0.75, 6.5), (0.1, 0.8, 5.5), (0.1, 0.6, 8.0), (0.1, 0.75, 2.0), (0.1, 0.8, 2.0), (0.1, 0.65, 9.0), (0.1, 0.6, 4.0), (0.1, 0.6, 8.5), (0.1, 0.7, 1.5)]}, '30': {'3': [(0.05, 1.0, 2.0), (0.1, 0.6, 2.5), (0.05, 1.0, 1.0), (0.1, 0.6, 3.0), (0.1, 0.65, 3.0), (0.05, 1.0, 4.0), (0.1, 0.7, 2.5), (0.1, 0.55, 3.0), (0.1, 0.7, 7.0), (0.1, 0.75, 1.5), (0.1, 0.7, 7.5), (0.05, 0.95, 1.0), (0.1, 0.75, 2.5), (0.1, 0.55, 2.5), (0.1, 0.7, 8.0), (0.1, 0.6, 3.5), (0.1, 0.6, 7.5), (0.1, 0.7, 8.5), (0.1, 0.7, 6.5), (0.1, 0.65, 7.5), (0.1, 0.55, 3.5), (0.1, 0.7, 9.0), (0.1, 0.6, 4.5), (0.1, 0.8, 2.5), (0.1, 0.65, 5.0), (0.1, 0.7, 10.0), (0.1, 0.65, 6.5), (0.1, 0.75, 5.5), (0.1, 0.6, 9.0), (0.1, 0.7, 9.5), (0.05, 1.0, 6.0), (0.1, 0.65, 7.0), (0.05, 1.0, 5.5), (0.1, 0.65, 8.0), (0.1, 0.65, 5.5), (0.1, 0.7, 6.0), (0.05, 1.0, 6.5), (0.1, 0.75, 7.0), (0.1, 0.6, 9.5), (0.1, 0.65, 4.0), (0.1, 0.65, 6.0), (0.1, 0.75, 6.0), (0.1, 0.6, 10.0), (0.1, 0.65, 8.5), (0.1, 0.75, 6.5), (0.1, 0.8, 5.5), (0.1, 0.6, 8.0), (0.1, 0.75, 2.0), (0.1, 0.8, 2.0), (0.1, 0.65, 9.0), (0.1, 0.6, 4.0), (0.1, 0.6, 8.5), (0.1, 0.7, 1.5)]}}
RL
{'80': {'3': [(0.15, 40.0), (0.2, 52.0), (0.15, 82.0), (0.15, 36.0), (0.15, 42.0), (0.15, 84.0), (0.15, 86.0), (0.15, 60.0), (0.15, 78.0), (0.15, 46.0), (0.15, 56.0), (0.15, 34.0), (0.15, 76.0), (0.15, 62.0), (0.15, 80.0), (0.15, 66.0), (0.2, 56.0), (0.15, 72.0), (0.15, 68.0), (0.15, 74.0), (0.15, 48.0), (0.15, 70.0), (0.15, 64.0), (0.2, 54.0), (0.2, 58.0), (0.2, 72.0), (0.2, 62.0), (0.15, 88.0), (0.2, 60.0), (0.2, 70.0), (0.2, 38.0), (0.2, 64.0), (0.2, 68.0), (0.2, 74.0), (0.2, 66.0), (0.2, 100.0), (0.2, 98.0), (0.15, 100.0), (0.15, 90.0), (0.2, 76.0), (0.15, 92.0), (0.2, 96.0), (0.15, 96.0), (0.15, 94.0), (0.2, 78.0), (0.15, 98.0), (0.2, 94.0), (0.2, 82.0), (0.2, 34.0), (0.2, 84.0), (0.2, 80.0), (0.2, 86.0), (0.25, 48.0), (0.25, 50.0)]}, '30': {'3': [(0.15, 40.0), (0.2, 52.0), (0.15, 82.0), (0.15, 36.0), (0.15, 42.0), (0.15, 84.0), (0.15, 86.0), (0.15, 60.0), (0.15, 78.0), (0.15, 46.0), (0.15, 56.0), (0.15, 34.0), (0.15, 76.0), (0.15, 62.0), (0.15, 80.0), (0.15, 66.0), (0.2, 56.0), (0.15, 72.0), (0.15, 68.0), (0.15, 74.0), (0.15, 48.0), (0.15, 70.0), (0.15, 64.0), (0.2, 54.0), (0.2, 58.0), (0.2, 72.0), (0.2, 62.0), (0.15, 88.0), (0.2, 60.0), (0.2, 70.0), (0.2, 38.0), (0.2, 64.0), (0.2, 68.0), (0.2, 74.0), (0.2, 66.0), (0.2, 100.0), (0.2, 98.0), (0.15, 100.0), (0.15, 90.0), (0.2, 76.0), (0.15, 92.0), (0.2, 96.0), (0.15, 96.0), (0.15, 94.0), (0.2, 78.0), (0.15, 98.0), (0.2, 94.0), (0.2, 82.0), (0.2, 34.0), (0.2, 84.0), (0.2, 80.0), (0.2, 86.0), (0.25, 48.0), (0.25, 50.0)]}}
NoHebb
{'80': {'3': []}, '30': {'3': []}}
Bmod
{'80': {'3': [(0.1, 0.85, 1.0), (0.1, 0.9, 1.0), (0.1, 0.85, 1.5), (0.1, 1.0, 1.5), (0.1, 0.75, 1.5), (0.1, 0.85, 2.0), (0.1, 0.95, 1.5), (0.05, 1.0, 1.0), (0.1, 0.7, 1.5), (0.1, 0.8, 2.5), (0.1, 0.85, 2.5), (0.1, 1.0, 2.0), (0.1, 0.75, 2.5), (0.05, 1.0, 1.5), (0.1, 0.7, 2.5), (0.1, 0.8, 3.0), (0.1, 0.65, 2.5), (0.1, 0.85, 3.0), (0.05, 0.9, 1.5)]}, '30': {'3': [(0.1, 0.85, 1.0), (0.1, 0.9, 1.0), (0.1, 0.85, 1.5), (0.1, 1.0, 1.5), (0.1, 0.75, 1.5), (0.1, 0.85, 2.0), (0.1, 0.95, 1.5), (0.05, 1.0, 1.0), (0.1, 0.7, 1.5), (0.1, 0.8, 2.5), (0.1, 0.85, 2.5), (0.1, 1.0, 2.0), (0.1, 0.75, 2.5), (0.05, 1.0, 1.5), (0.1, 0.7, 2.5), (0.1, 0.8, 3.0), (0.1, 0.65, 2.5), (0.1, 0.85, 3.0), (0.05, 0.9, 1.5)]}}
