UCB
{'80': {'2': []}, '30': {'2': []}}
SACrit_BayesAnneal
{'80': {'2': [(0.05, 1.0, 1.0), (0.05, 1.0, 1.5), (0.05, 0.95, 1.5), (0.05, 0.9, 1.5), (0.05, 1.0, 2.0), (0.05, 0.85, 1.5), (0.05, 0.95, 2.0), (0.05, 1.0, 2.5), (0.05, 0.85, 2.0), (0.05, 0.9, 2.0), (0.05, 0.95, 2.5), (0.1, 0.85, 3.0), (0.1, 0.85, 3.5), (0.1, 0.8, 3.5)]}, '30': {'2': [(0.05, 1.0, 1.0), (0.05, 1.0, 1.5), (0.05, 0.95, 1.5), (0.05, 0.9, 1.5), (0.05, 1.0, 2.0), (0.05, 0.85, 1.5), (0.05, 0.95, 2.0), (0.05, 1.0, 2.5), (0.05, 0.85, 2.0), (0.05, 0.9, 2.0), (0.05, 0.95, 2.5), (0.1, 0.85, 3.0), (0.1, 0.85, 3.5), (0.1, 0.8, 3.5)]}}
SACrit_BayesAnneal_mod
{'80': {'2': [(0.1, 0.9, 2.5), (0.1, 0.95, 3.0), (0.1, 0.8, 6.0), (0.1, 0.8, 5.5), (0.1, 0.95, 3.5), (0.1, 0.7, 6.5), (0.1, 0.8, 10.0), (0.1, 0.6, 2.0), (0.1, 0.8, 8.5), (0.1, 0.9, 3.5), (0.1, 0.8, 9.0), (0.1, 0.8, 8.0), (0.1, 0.95, 4.0), (0.05, 1.0, 1.0), (0.1, 0.55, 2.0), (0.1, 0.7, 10.0), (0.1, 0.8, 4.5), (0.1, 0.95, 5.0), (0.1, 0.8, 5.0), (0.1, 0.95, 4.5), (0.1, 0.7, 9.0), (0.1, 0.7, 9.5)]}, '30': {'2': [(0.1, 0.9, 2.5), (0.1, 0.95, 3.0), (0.1, 0.8, 6.0), (0.1, 0.8, 5.5), (0.1, 0.95, 3.5), (0.1, 0.7, 6.5), (0.1, 0.8, 10.0), (0.1, 0.6, 2.0), (0.1, 0.8, 8.5), (0.1, 0.9, 3.5), (0.1, 0.8, 9.0), (0.1, 0.8, 8.0), (0.1, 0.95, 4.0), (0.05, 1.0, 1.0), (0.1, 0.55, 2.0), (0.1, 0.7, 10.0), (0.1, 0.8, 4.5), (0.1, 0.95, 5.0), (0.1, 0.8, 5.0), (0.1, 0.95, 4.5), (0.1, 0.7, 9.0), (0.1, 0.7, 9.5)]}}
RL
{'80': {'2': [(0.15, 46.0), (0.15, 34.0), (0.15, 40.0), (0.15, 48.0), (0.2, 98.0), (0.15, 44.0), (0.2, 62.0), (0.2, 82.0), (0.15, 52.0), (0.15, 50.0), (0.25, 64.0), (0.2, 86.0), (0.2, 84.0), (0.25, 66.0), (0.25, 62.0), (0.25, 56.0), (0.15, 54.0), (0.25, 58.0), (0.2, 64.0), (0.25, 60.0), (0.15, 42.0), (0.2, 88.0), (0.25, 70.0), (0.2, 80.0), (0.2, 78.0), (0.25, 68.0), (0.25, 54.0), (0.2, 70.0), (0.15, 60.0), (0.2, 68.0), (0.2, 74.0), (0.25, 74.0), (0.2, 76.0), (0.25, 72.0), (0.2, 90.0), (0.25, 76.0), (0.2, 66.0), (0.25, 90.0), (0.2, 72.0), (0.2, 60.0), (0.25, 92.0), (0.25, 82.0), (0.25, 94.0), (0.25, 98.0), (0.25, 86.0), (0.25, 84.0), (0.15, 62.0), (0.25, 78.0), (0.25, 48.0), (0.25, 88.0), (0.15, 64.0), (0.25, 100.0), (0.25, 96.0), (0.15, 84.0)]}, '30': {'2': [(0.15, 46.0), (0.15, 34.0), (0.15, 40.0), (0.15, 48.0), (0.2, 98.0), (0.15, 44.0), (0.2, 62.0), (0.2, 82.0), (0.15, 52.0), (0.15, 50.0), (0.25, 64.0), (0.2, 86.0), (0.2, 84.0), (0.25, 66.0), (0.25, 62.0), (0.25, 56.0), (0.15, 54.0), (0.25, 58.0), (0.2, 64.0), (0.25, 60.0), (0.15, 42.0), (0.2, 88.0), (0.25, 70.0), (0.2, 80.0), (0.2, 78.0), (0.25, 68.0), (0.25, 54.0), (0.2, 70.0), (0.15, 60.0), (0.2, 68.0), (0.2, 74.0), (0.25, 74.0), (0.2, 76.0), (0.25, 72.0), (0.2, 90.0), (0.25, 76.0), (0.2, 66.0), (0.25, 90.0), (0.2, 72.0), (0.2, 60.0), (0.25, 92.0), (0.25, 82.0), (0.25, 94.0), (0.25, 98.0), (0.25, 86.0), (0.25, 84.0), (0.15, 62.0), (0.25, 78.0), (0.25, 48.0), (0.25, 88.0), (0.15, 64.0), (0.25, 100.0), (0.25, 96.0), (0.15, 84.0)]}}
NoHebb
{'80': {'2': []}, '30': {'2': []}}
Bmod
{'80': {'2': [(0.1, 0.7, 1.0), (0.1, 0.65, 1.0), (0.1, 0.6, 1.0), (0.05, 1.0, 1.0), (0.05, 0.95, 1.0), (0.05, 0.9, 1.0), (0.05, 0.85, 1.0), (0.1, 1.0, 2.5), (0.1, 0.7, 2.0), (0.1, 0.65, 2.0), (0.1, 0.6, 2.0), (0.05, 1.0, 1.5)]}, '30': {'2': [(0.1, 0.7, 1.0), (0.1, 0.65, 1.0), (0.1, 0.6, 1.0), (0.05, 1.0, 1.0), (0.05, 0.95, 1.0), (0.05, 0.9, 1.0), (0.05, 0.85, 1.0), (0.1, 1.0, 2.5), (0.1, 0.7, 2.0), (0.1, 0.65, 2.0), (0.1, 0.6, 2.0), (0.05, 1.0, 1.5)]}}
