UCB
{'80': {'6': []}, '30': {'6': []}}
SACrit_BayesAnneal
{'80': {'6': [(0.05, 1.0, 4.0), (0.05, 1.0, 3.0), (0.05, 1.0, 3.5), (0.1, 0.7, 6.0), (0.1, 0.8, 6.0), (0.1, 0.75, 8.5), (0.1, 0.75, 5.5), (0.1, 0.8, 10.0), (0.1, 0.75, 7.0), (0.1, 0.85, 7.5), (0.1, 0.7, 5.0), (0.1, 0.75, 9.0), (0.1, 0.85, 7.0), (0.1, 0.8, 9.5), (0.1, 0.8, 7.0), (0.1, 0.8, 8.0), (0.1, 0.85, 5.5), (0.1, 0.9, 10.0), (0.1, 0.7, 6.5), (0.1, 0.8, 8.5), (0.1, 0.85, 8.5), (0.1, 0.85, 8.0), (0.1, 0.75, 8.0), (0.1, 0.8, 9.0), (0.1, 0.85, 6.0), (0.1, 0.85, 9.5), (0.1, 0.75, 9.5), (0.1, 0.9, 7.0), (0.1, 0.8, 5.5), (0.1, 0.85, 9.0), (0.1, 0.75, 7.5)]}, '30': {'6': [(0.05, 1.0, 4.0), (0.05, 1.0, 3.0), (0.05, 1.0, 3.5), (0.1, 0.7, 6.0), (0.1, 0.8, 6.0), (0.1, 0.75, 8.5), (0.1, 0.75, 5.5), (0.1, 0.8, 10.0), (0.1, 0.75, 7.0), (0.1, 0.85, 7.5), (0.1, 0.7, 5.0), (0.1, 0.75, 9.0), (0.1, 0.85, 7.0), (0.1, 0.8, 9.5), (0.1, 0.8, 7.0), (0.1, 0.8, 8.0), (0.1, 0.85, 5.5), (0.1, 0.9, 10.0), (0.1, 0.7, 6.5), (0.1, 0.8, 8.5), (0.1, 0.85, 8.5), (0.1, 0.85, 8.0), (0.1, 0.75, 8.0), (0.1, 0.8, 9.0), (0.1, 0.85, 6.0), (0.1, 0.85, 9.5), (0.1, 0.75, 9.5), (0.1, 0.9, 7.0), (0.1, 0.8, 5.5), (0.1, 0.85, 9.0), (0.1, 0.75, 7.5)]}}
SACrit_BayesAnneal_mod
{'80': {'6': [(0.05, 1.0, 2.0), (0.05, 1.0, 4.0), (0.05, 1.0, 3.0), (0.05, 1.0, 1.0)]}, '30': {'6': [(0.05, 1.0, 2.0), (0.05, 1.0, 4.0), (0.05, 1.0, 3.0), (0.05, 1.0, 1.0)]}}
RL
{'80': {'6': [(0.15, 54.0), (0.15, 72.0), (0.15, 70.0), (0.15, 68.0), (0.15, 74.0), (0.2, 98.0), (0.2, 100.0), (0.15, 76.0), (0.2, 94.0), (0.2, 96.0), (0.15, 80.0), (0.15, 82.0), (0.2, 92.0), (0.15, 78.0), (0.2, 90.0), (0.15, 88.0), (0.15, 86.0), (0.15, 84.0), (0.2, 82.0), (0.15, 94.0), (0.2, 62.0), (0.15, 96.0), (0.15, 100.0), (0.15, 98.0), (0.2, 50.0), (0.25, 50.0), (0.2, 54.0), (0.25, 40.0), (0.2, 60.0), (0.2, 74.0), (0.25, 38.0), (0.2, 58.0), (0.2, 48.0), (0.2, 46.0), (0.2, 52.0), (0.25, 58.0), (0.25, 74.0), (0.25, 56.0), (0.25, 78.0), (0.2, 56.0), (0.25, 76.0)]}, '30': {'6': [(0.15, 54.0), (0.15, 72.0), (0.15, 70.0), (0.15, 68.0), (0.15, 74.0), (0.2, 98.0), (0.2, 100.0), (0.15, 76.0), (0.2, 94.0), (0.2, 96.0), (0.15, 80.0), (0.15, 82.0), (0.2, 92.0), (0.15, 78.0), (0.2, 90.0), (0.15, 88.0), (0.15, 86.0), (0.15, 84.0), (0.2, 82.0), (0.15, 94.0), (0.2, 62.0), (0.15, 96.0), (0.15, 100.0), (0.15, 98.0), (0.2, 50.0), (0.25, 50.0), (0.2, 54.0), (0.25, 40.0), (0.2, 60.0), (0.2, 74.0), (0.25, 38.0), (0.2, 58.0), (0.2, 48.0), (0.2, 46.0), (0.2, 52.0), (0.25, 58.0), (0.25, 74.0), (0.25, 56.0), (0.25, 78.0), (0.2, 56.0), (0.25, 76.0)]}}
NoHebb
{'80': {'6': [(0.1, 0.85, 2.5), (0.1, 0.8, 2.5), (0.1, 1.0, 2.0), (0.1, 0.55, 3.0), (0.1, 0.7, 3.0), (0.1, 0.6, 3.0), (0.1, 0.6, 3.5), (0.1, 0.75, 2.5), (0.1, 0.4, 4.0), (0.1, 0.65, 2.5), (0.1, 0.2, 8.0), (0.1, 0.3, 5.5), (0.1, 0.65, 3.0), (0.1, 0.65, 3.5), (0.1, 0.95, 2.0)]}, '30': {'6': [(0.1, 0.85, 2.5), (0.1, 0.8, 2.5), (0.1, 1.0, 2.0), (0.1, 0.55, 3.0), (0.1, 0.7, 3.0), (0.1, 0.6, 3.0), (0.1, 0.6, 3.5), (0.1, 0.75, 2.5), (0.1, 0.4, 4.0), (0.1, 0.65, 2.5), (0.1, 0.2, 8.0), (0.1, 0.3, 5.5), (0.1, 0.65, 3.0), (0.1, 0.65, 3.5), (0.1, 0.95, 2.0)]}}
Bmod
{'80': {'6': [(0.05, 1.0, 2.0), (0.1, 0.95, 7.0), (0.05, 0.95, 2.0), (0.1, 0.8, 3.0), (0.1, 0.9, 6.0), (0.1, 0.9, 6.5), (0.05, 1.0, 1.5), (0.1, 0.95, 6.5), (0.05, 0.95, 1.5), (0.1, 0.75, 2.0), (0.1, 0.9, 7.0), (0.1, 0.85, 5.5), (0.1, 0.95, 7.5), (0.1, 0.85, 2.5), (0.1, 0.8, 6.0), (0.05, 1.0, 1.0), (0.1, 0.95, 9.5), (0.05, 1.0, 4.0), (0.1, 0.85, 3.5), (0.1, 0.9, 10.0), (0.1, 0.9, 7.5), (0.1, 0.95, 10.0), (0.1, 0.95, 6.0), (0.1, 1.0, 9.5), (0.1, 0.95, 9.0), (0.1, 0.9, 3.0), (0.1, 0.8, 2.0), (0.1, 0.95, 5.5), (0.1, 0.9, 5.5), (0.1, 0.9, 3.5), (0.1, 0.8, 2.5), (0.1, 0.9, 4.0), (0.1, 0.95, 8.5), (0.1, 1.0, 9.0), (0.1, 0.9, 4.5), (0.1, 0.95, 5.0), (0.1, 0.95, 4.5), (0.1, 1.0, 10.0), (0.1, 0.8, 5.5), (0.1, 0.8, 5.0), (0.1, 1.0, 8.0), (0.1, 1.0, 8.5), (0.05, 1.0, 3.0), (0.1, 0.8, 7.0), (0.1, 0.9, 8.0), (0.1, 1.0, 7.0), (0.05, 1.0, 3.5), (0.1, 0.95, 8.0), (0.1, 1.0, 7.5), (0.1, 0.8, 4.5), (0.1, 0.9, 9.5), (0.1, 0.85, 9.0), (0.1, 0.85, 4.5), (0.1, 0.85, 8.0)]}, '30': {'6': [(0.05, 1.0, 2.0), (0.1, 0.95, 7.0), (0.05, 0.95, 2.0), (0.1, 0.8, 3.0), (0.1, 0.9, 6.0), (0.1, 0.9, 6.5), (0.05, 1.0, 1.5), (0.1, 0.95, 6.5), (0.05, 0.95, 1.5), (0.1, 0.75, 2.0), (0.1, 0.9, 7.0), (0.1, 0.85, 5.5), (0.1, 0.95, 7.5), (0.1, 0.85, 2.5), (0.1, 0.8, 6.0), (0.05, 1.0, 1.0), (0.1, 0.95, 9.5), (0.05, 1.0, 4.0), (0.1, 0.85, 3.5), (0.1, 0.9, 10.0), (0.1, 0.9, 7.5), (0.1, 0.95, 10.0), (0.1, 0.95, 6.0), (0.1, 1.0, 9.5), (0.1, 0.95, 9.0), (0.1, 0.9, 3.0), (0.1, 0.8, 2.0), (0.1, 0.95, 5.5), (0.1, 0.9, 5.5), (0.1, 0.9, 3.5), (0.1, 0.8, 2.5), (0.1, 0.9, 4.0), (0.1, 0.95, 8.5), (0.1, 1.0, 9.0), (0.1, 0.9, 4.5), (0.1, 0.95, 5.0), (0.1, 0.95, 4.5), (0.1, 1.0, 10.0), (0.1, 0.8, 5.5), (0.1, 0.8, 5.0), (0.1, 1.0, 8.0), (0.1, 1.0, 8.5), (0.05, 1.0, 3.0), (0.1, 0.8, 7.0), (0.1, 0.9, 8.0), (0.1, 1.0, 7.0), (0.05, 1.0, 3.5), (0.1, 0.95, 8.0), (0.1, 1.0, 7.5), (0.1, 0.8, 4.5), (0.1, 0.9, 9.5), (0.1, 0.85, 9.0), (0.1, 0.85, 4.5), (0.1, 0.85, 8.0)]}}
