UCB
{'80': {'6': [0.42, 0.41, 0.39, 0.36, 0.4, 0.37]}, '30': {'6': [0.42, 0.41, 0.39, 0.36, 0.4, 0.37]}}
SACrit_BayesAnneal
{'80': {'6': [(0.025, 0.9, 1.0), (0.025, 0.85, 1.5), (0.025, 0.95, 1.5), (0.025, 1.0, 1.5), (0.025, 0.95, 2.0), (0.025, 0.9, 2.0), (0.025, 0.85, 2.0), (0.025, 0.95, 2.5), (0.025, 0.8, 2.0), (0.025, 1.0, 2.5), (0.025, 0.9, 2.5), (0.025, 0.95, 3.0), (0.025, 1.0, 3.0), (0.025, 0.9, 3.0), (0.025, 0.85, 2.5), (0.025, 0.95, 3.5), (0.025, 1.0, 4.0), (0.025, 1.0, 3.5), (0.025, 0.8, 2.5), (0.025, 1.0, 4.5), (0.025, 0.95, 4.5), (0.025, 0.95, 4.0), (0.025, 0.9, 3.5), (0.025, 0.85, 3.0), (0.025, 0.9, 4.0), (0.025, 0.95, 5.0), (0.025, 0.9, 4.5), (0.025, 0.75, 2.5), (0.025, 1.0, 5.0)]}, '30': {'6': [(0.025, 0.9, 1.0), (0.025, 0.85, 1.5), (0.025, 0.95, 1.5), (0.025, 1.0, 1.5), (0.025, 0.95, 2.0), (0.025, 0.9, 2.0), (0.025, 0.85, 2.0), (0.025, 0.95, 2.5), (0.025, 0.8, 2.0), (0.025, 1.0, 2.5), (0.025, 0.9, 2.5), (0.025, 0.95, 3.0), (0.025, 1.0, 3.0), (0.025, 0.9, 3.0), (0.025, 0.85, 2.5), (0.025, 0.95, 3.5), (0.025, 1.0, 4.0), (0.025, 1.0, 3.5), (0.025, 0.8, 2.5), (0.025, 1.0, 4.5), (0.025, 0.95, 4.5), (0.025, 0.95, 4.0), (0.025, 0.9, 3.5), (0.025, 0.85, 3.0), (0.025, 0.9, 4.0), (0.025, 0.95, 5.0), (0.025, 0.9, 4.5), (0.025, 0.75, 2.5), (0.025, 1.0, 5.0)]}}
SACrit_BayesAnneal_mod
{'80': {'6': [(0.025, 0.9, 1.0), (0.025, 0.95, 1.0), (0.025, 1.0, 1.0), (0.025, 1.0, 1.5), (0.025, 1.0, 2.0)]}, '30': {'6': [(0.025, 0.9, 1.0), (0.025, 0.95, 1.0), (0.025, 1.0, 1.0), (0.025, 1.0, 1.5), (0.025, 1.0, 2.0)]}}
RL
{'80': {'6': [(0.05, 34.0), (0.05, 32.0), (0.1, 78.0), (0.1, 92.0), (0.05, 36.0), (0.1, 82.0), (0.1, 86.0), (0.1, 94.0), (0.1, 90.0), (0.1, 84.0), (0.1, 100.0), (0.1, 96.0), (0.1, 80.0), (0.1, 88.0), (0.1, 98.0), (0.1, 50.0), (0.1, 64.0), (0.1, 70.0), (0.1, 40.0), (0.1, 76.0), (0.1, 62.0), (0.1, 38.0), (0.1, 48.0), (0.1, 68.0), (0.1, 74.0), (0.1, 42.0), (0.1, 60.0), (0.1, 46.0), (0.1, 66.0), (0.1, 36.0), (0.1, 34.0), (0.1, 56.0), (0.1, 58.0), (0.1, 72.0), (0.1, 54.0), (0.1, 32.0), (0.1, 52.0), (0.05, 40.0), (0.1, 44.0), (0.05, 38.0), (0.05, 42.0), (0.05, 44.0), (0.15, 56.0), (0.15, 52.0), (0.15, 62.0), (0.15, 58.0), (0.15, 64.0), (0.15, 86.0), (0.15, 84.0), (0.15, 60.0), (0.15, 68.0), (0.15, 66.0), (0.15, 94.0), (0.15, 98.0), (0.15, 82.0), (0.15, 54.0), (0.15, 70.0), (0.15, 96.0), (0.15, 78.0), (0.15, 88.0), (0.15, 100.0), (0.15, 90.0), (0.15, 92.0), (0.05, 48.0), (0.15, 74.0), (0.15, 72.0), (0.05, 46.0), (0.15, 76.0), (0.15, 80.0), (0.05, 52.0), (0.05, 50.0)]}, '30': {'6': [(0.05, 34.0), (0.05, 32.0), (0.1, 78.0), (0.1, 92.0), (0.05, 36.0), (0.1, 82.0), (0.1, 86.0), (0.1, 94.0), (0.1, 90.0), (0.1, 84.0), (0.1, 100.0), (0.1, 96.0), (0.1, 80.0), (0.1, 88.0), (0.1, 98.0), (0.1, 50.0), (0.1, 64.0), (0.1, 70.0), (0.1, 40.0), (0.1, 76.0), (0.1, 62.0), (0.1, 38.0), (0.1, 48.0), (0.1, 68.0), (0.1, 74.0), (0.1, 42.0), (0.1, 60.0), (0.1, 46.0), (0.1, 66.0), (0.1, 36.0), (0.1, 34.0), (0.1, 56.0), (0.1, 58.0), (0.1, 72.0), (0.1, 54.0), (0.1, 32.0), (0.1, 52.0), (0.05, 40.0), (0.1, 44.0), (0.05, 38.0), (0.05, 42.0), (0.05, 44.0), (0.15, 56.0), (0.15, 52.0), (0.15, 62.0), (0.15, 58.0), (0.15, 64.0), (0.15, 86.0), (0.15, 84.0), (0.15, 60.0), (0.15, 68.0), (0.15, 66.0), (0.15, 94.0), (0.15, 98.0), (0.15, 82.0), (0.15, 54.0), (0.15, 70.0), (0.15, 96.0), (0.15, 78.0), (0.15, 88.0), (0.15, 100.0), (0.15, 90.0), (0.15, 92.0), (0.05, 48.0), (0.15, 74.0), (0.15, 72.0), (0.05, 46.0), (0.15, 76.0), (0.15, 80.0), (0.05, 52.0), (0.05, 50.0)]}}
NoHebb
{'80': {'6': []}, '30': {'6': []}}
Bmod
{'80': {'6': [(0.025, 1.0, 1.0), (0.025, 0.95, 1.0), (0.025, 0.9, 1.0), (0.025, 0.85, 1.0), (0.025, 0.8, 1.0), (0.025, 0.95, 1.5), (0.025, 0.9, 1.5), (0.025, 1.0, 1.5), (0.025, 1.0, 2.0), (0.025, 0.75, 1.0), (0.025, 0.85, 1.5)]}, '30': {'6': [(0.025, 1.0, 1.0), (0.025, 0.95, 1.0), (0.025, 0.9, 1.0), (0.025, 0.85, 1.0), (0.025, 0.8, 1.0), (0.025, 0.95, 1.5), (0.025, 0.9, 1.5), (0.025, 1.0, 1.5), (0.025, 1.0, 2.0), (0.025, 0.75, 1.0), (0.025, 0.85, 1.5)]}}
