UCB
{'80': {'5': []}, '30': {'5': []}}
SACrit_BayesAnneal
{'80': {'5': [(0.1, 1.0, 3.5), (0.1, 1.0, 3.0), (0.1, 0.95, 3.5), (0.1, 1.0, 2.5), (0.1, 0.95, 3.0), (0.1, 1.0, 4.0), (0.1, 0.95, 4.0), (0.1, 0.9, 4.0), (0.1, 1.0, 4.5), (0.1, 0.95, 6.0), (0.05, 1.0, 3.5), (0.1, 0.8, 5.5), (0.1, 1.0, 5.0)]}, '30': {'5': [(0.1, 1.0, 3.5), (0.1, 1.0, 3.0), (0.1, 0.95, 3.5), (0.1, 1.0, 2.5), (0.1, 0.95, 3.0), (0.1, 1.0, 4.0), (0.1, 0.95, 4.0), (0.1, 0.9, 4.0), (0.1, 1.0, 4.5), (0.1, 0.95, 6.0), (0.05, 1.0, 3.5), (0.1, 0.8, 5.5), (0.1, 1.0, 5.0)]}}
SACrit_BayesAnneal_mod
{'80': {'5': [(0.05, 1.0, 1.5), (0.1, 0.9, 2.5), (0.1, 0.95, 2.5), (0.1, 0.85, 3.0)]}, '30': {'5': [(0.05, 1.0, 1.5), (0.1, 0.9, 2.5), (0.1, 0.95, 2.5), (0.1, 0.85, 3.0)]}}
RL
{'80': {'5': [(0.25, 76.0), (0.25, 74.0), (0.25, 72.0), (0.25, 78.0), (0.25, 44.0), (0.25, 92.0), (0.25, 96.0), (0.25, 98.0), (0.25, 86.0), (0.25, 94.0), (0.25, 90.0), (0.25, 88.0), (0.25, 84.0), (0.25, 100.0), (0.2, 100.0), (0.3, 52.0), (0.2, 98.0), (0.2, 96.0), (0.3, 62.0), (0.3, 58.0), (0.3, 60.0), (0.3, 54.0), (0.3, 76.0), (0.2, 94.0), (0.3, 74.0), (0.3, 56.0), (0.3, 64.0), (0.2, 90.0), (0.3, 72.0), (0.2, 92.0), (0.3, 66.0), (0.3, 78.0), (0.3, 42.0), (0.3, 70.0), (0.3, 80.0), (0.3, 68.0)]}, '30': {'5': [(0.25, 76.0), (0.25, 74.0), (0.25, 72.0), (0.25, 78.0), (0.25, 44.0), (0.25, 92.0), (0.25, 96.0), (0.25, 98.0), (0.25, 86.0), (0.25, 94.0), (0.25, 90.0), (0.25, 88.0), (0.25, 84.0), (0.25, 100.0), (0.2, 100.0), (0.3, 52.0), (0.2, 98.0), (0.2, 96.0), (0.3, 62.0), (0.3, 58.0), (0.3, 60.0), (0.3, 54.0), (0.3, 76.0), (0.2, 94.0), (0.3, 74.0), (0.3, 56.0), (0.3, 64.0), (0.2, 90.0), (0.3, 72.0), (0.2, 92.0), (0.3, 66.0), (0.3, 78.0), (0.3, 42.0), (0.3, 70.0), (0.3, 80.0), (0.3, 68.0)]}}
NoHebb
{'80': {'5': [(0.1, 0.9, 2.5), (0.1, 0.75, 3.0), (0.1, 0.85, 2.5), (0.1, 0.75, 2.0), (0.1, 0.7, 3.0), (0.1, 0.8, 2.5), (0.1, 0.65, 3.5), (0.1, 0.6, 3.5), (0.1, 0.6, 2.5)]}, '30': {'5': [(0.1, 0.9, 2.5), (0.1, 0.75, 3.0), (0.1, 0.85, 2.5), (0.1, 0.75, 2.0), (0.1, 0.7, 3.0), (0.1, 0.8, 2.5), (0.1, 0.65, 3.5), (0.1, 0.6, 3.5), (0.1, 0.6, 2.5)]}}
Bmod
{'80': {'5': [(0.1, 0.95, 2.5), (0.1, 1.0, 2.5), (0.1, 0.9, 2.5), (0.1, 0.85, 3.0), (0.1, 0.9, 3.0), (0.1, 0.9, 3.5), (0.1, 1.0, 3.0), (0.05, 1.0, 1.5), (0.1, 0.95, 3.0), (0.1, 0.95, 2.0), (0.1, 1.0, 1.5), (0.1, 1.0, 2.0), (0.1, 0.95, 3.5), (0.1, 0.9, 2.0), (0.1, 1.0, 4.0), (0.1, 0.95, 4.0)]}, '30': {'5': [(0.1, 0.95, 2.5), (0.1, 1.0, 2.5), (0.1, 0.9, 2.5), (0.1, 0.85, 3.0), (0.1, 0.9, 3.0), (0.1, 0.9, 3.5), (0.1, 1.0, 3.0), (0.05, 1.0, 1.5), (0.1, 0.95, 3.0), (0.1, 0.95, 2.0), (0.1, 1.0, 1.5), (0.1, 1.0, 2.0), (0.1, 0.95, 3.5), (0.1, 0.9, 2.0), (0.1, 1.0, 4.0), (0.1, 0.95, 4.0)]}}
