UCB
{'80': {'6': []}, '30': {'6': []}}
SACrit_BayesAnneal
{'80': {'6': [(0.1, 0.95, 10.0), (0.1, 0.9, 10.0), (0.1, 0.9, 6.0), (0.1, 0.9, 7.0), (0.1, 0.95, 9.5), (0.1, 0.85, 8.5), (0.1, 1.0, 9.5), (0.1, 0.9, 6.5), (0.1, 0.9, 9.5), (0.1, 0.95, 7.0), (0.1, 1.0, 7.0), (0.1, 1.0, 10.0), (0.1, 0.85, 7.0), (0.1, 0.9, 7.5), (0.1, 0.95, 9.0), (0.1, 0.85, 5.5), (0.1, 0.85, 6.0), (0.1, 0.9, 8.5), (0.1, 0.9, 8.0), (0.1, 0.8, 6.0), (0.1, 0.85, 7.5), (0.1, 1.0, 9.0), (0.1, 0.85, 8.0), (0.1, 0.9, 4.5), (0.1, 0.95, 8.5), (0.1, 0.95, 7.5), (0.1, 1.0, 7.5), (0.1, 0.9, 9.0), (0.1, 0.85, 9.0), (0.1, 0.8, 5.0), (0.1, 0.85, 9.5), (0.1, 0.95, 6.5), (0.1, 0.95, 5.0), (0.1, 1.0, 8.5), (0.05, 1.0, 3.0), (0.1, 1.0, 8.0), (0.1, 0.9, 5.5), (0.1, 0.85, 5.0), (0.05, 1.0, 4.0), (0.1, 0.85, 3.5), (0.1, 0.95, 8.0), (0.1, 1.0, 6.5), (0.1, 0.8, 5.5), (0.1, 0.85, 10.0), (0.1, 0.95, 5.5), (0.1, 0.8, 10.0), (0.1, 0.95, 4.5), (0.1, 0.9, 5.0), (0.1, 1.0, 5.0), (0.1, 0.95, 3.0), (0.1, 0.85, 6.5), (0.1, 0.9, 4.0), (0.1, 0.9, 3.0), (0.1, 0.95, 6.0), (0.1, 1.0, 4.5), (0.05, 1.0, 3.5), (0.1, 0.8, 4.5)]}, '30': {'6': [(0.1, 0.95, 10.0), (0.1, 0.9, 10.0), (0.1, 0.9, 6.0), (0.1, 0.9, 7.0), (0.1, 0.95, 9.5), (0.1, 0.85, 8.5), (0.1, 1.0, 9.5), (0.1, 0.9, 6.5), (0.1, 0.9, 9.5), (0.1, 0.95, 7.0), (0.1, 1.0, 7.0), (0.1, 1.0, 10.0), (0.1, 0.85, 7.0), (0.1, 0.9, 7.5), (0.1, 0.95, 9.0), (0.1, 0.85, 5.5), (0.1, 0.85, 6.0), (0.1, 0.9, 8.5), (0.1, 0.9, 8.0), (0.1, 0.8, 6.0), (0.1, 0.85, 7.5), (0.1, 1.0, 9.0), (0.1, 0.85, 8.0), (0.1, 0.9, 4.5), (0.1, 0.95, 8.5), (0.1, 0.95, 7.5), (0.1, 1.0, 7.5), (0.1, 0.9, 9.0), (0.1, 0.85, 9.0), (0.1, 0.8, 5.0), (0.1, 0.85, 9.5), (0.1, 0.95, 6.5), (0.1, 0.95, 5.0), (0.1, 1.0, 8.5), (0.05, 1.0, 3.0), (0.1, 1.0, 8.0), (0.1, 0.9, 5.5), (0.1, 0.85, 5.0), (0.05, 1.0, 4.0), (0.1, 0.85, 3.5), (0.1, 0.95, 8.0), (0.1, 1.0, 6.5), (0.1, 0.8, 5.5), (0.1, 0.85, 10.0), (0.1, 0.95, 5.5), (0.1, 0.8, 10.0), (0.1, 0.95, 4.5), (0.1, 0.9, 5.0), (0.1, 1.0, 5.0), (0.1, 0.95, 3.0), (0.1, 0.85, 6.5), (0.1, 0.9, 4.0), (0.1, 0.9, 3.0), (0.1, 0.95, 6.0), (0.1, 1.0, 4.5), (0.05, 1.0, 3.5), (0.1, 0.8, 4.5)]}}
SACrit_BayesAnneal_mod
{'80': {'6': [(0.05, 1.0, 2.0), (0.05, 0.95, 2.0), (0.05, 1.0, 1.5), (0.05, 0.9, 2.0), (0.05, 1.0, 3.0), (0.05, 1.0, 4.0), (0.05, 1.0, 3.5), (0.1, 0.7, 2.5), (0.05, 1.0, 1.0), (0.1, 0.75, 3.5), (0.1, 0.8, 3.5), (0.1, 0.8, 3.0), (0.1, 0.75, 4.0), (0.1, 0.65, 2.5), (0.1, 1.0, 2.5), (0.1, 0.9, 3.0), (0.1, 0.75, 2.0), (0.1, 0.95, 3.0), (0.1, 0.85, 2.5), (0.1, 0.8, 2.0), (0.1, 0.85, 3.0)]}, '30': {'6': [(0.05, 1.0, 2.0), (0.05, 0.95, 2.0), (0.05, 1.0, 1.5), (0.05, 0.9, 2.0), (0.05, 1.0, 3.0), (0.05, 1.0, 4.0), (0.05, 1.0, 3.5), (0.1, 0.7, 2.5), (0.05, 1.0, 1.0), (0.1, 0.75, 3.5), (0.1, 0.8, 3.5), (0.1, 0.8, 3.0), (0.1, 0.75, 4.0), (0.1, 0.65, 2.5), (0.1, 1.0, 2.5), (0.1, 0.9, 3.0), (0.1, 0.75, 2.0), (0.1, 0.95, 3.0), (0.1, 0.85, 2.5), (0.1, 0.8, 2.0), (0.1, 0.85, 3.0)]}}
RL
{'80': {'6': [(0.15, 66.0), (0.2, 66.0), (0.2, 64.0), (0.15, 72.0), (0.15, 52.0), (0.2, 60.0), (0.2, 62.0), (0.15, 62.0), (0.15, 50.0), (0.2, 58.0), (0.15, 64.0), (0.2, 68.0), (0.15, 48.0), (0.15, 68.0), (0.25, 98.0), (0.15, 70.0), (0.2, 70.0), (0.25, 40.0), (0.25, 42.0), (0.25, 80.0), (0.15, 74.0), (0.2, 50.0), (0.25, 96.0), (0.15, 60.0), (0.15, 54.0), (0.25, 46.0), (0.25, 100.0), (0.2, 72.0), (0.25, 86.0), (0.2, 100.0), (0.2, 56.0), (0.25, 90.0), (0.2, 94.0), (0.25, 94.0), (0.2, 98.0), (0.15, 80.0), (0.2, 48.0), (0.2, 54.0), (0.25, 38.0), (0.25, 82.0), (0.15, 76.0), (0.15, 58.0), (0.25, 54.0), (0.15, 82.0), (0.2, 92.0), (0.25, 88.0), (0.2, 90.0), (0.2, 96.0), (0.2, 86.0), (0.25, 92.0), (0.15, 78.0), (0.2, 82.0), (0.2, 46.0), (0.2, 84.0), (0.2, 52.0), (0.2, 88.0), (0.2, 78.0), (0.25, 60.0), (0.2, 74.0), (0.2, 80.0)]}, '30': {'6': [(0.15, 66.0), (0.2, 66.0), (0.2, 64.0), (0.15, 72.0), (0.15, 52.0), (0.2, 60.0), (0.2, 62.0), (0.15, 62.0), (0.15, 50.0), (0.2, 58.0), (0.15, 64.0), (0.2, 68.0), (0.15, 48.0), (0.15, 68.0), (0.25, 98.0), (0.15, 70.0), (0.2, 70.0), (0.25, 40.0), (0.25, 42.0), (0.25, 80.0), (0.15, 74.0), (0.2, 50.0), (0.25, 96.0), (0.15, 60.0), (0.15, 54.0), (0.25, 46.0), (0.25, 100.0), (0.2, 72.0), (0.25, 86.0), (0.2, 100.0), (0.2, 56.0), (0.25, 90.0), (0.2, 94.0), (0.25, 94.0), (0.2, 98.0), (0.15, 80.0), (0.2, 48.0), (0.2, 54.0), (0.25, 38.0), (0.25, 82.0), (0.15, 76.0), (0.15, 58.0), (0.25, 54.0), (0.15, 82.0), (0.2, 92.0), (0.25, 88.0), (0.2, 90.0), (0.2, 96.0), (0.2, 86.0), (0.25, 92.0), (0.15, 78.0), (0.2, 82.0), (0.2, 46.0), (0.2, 84.0), (0.2, 52.0), (0.2, 88.0), (0.2, 78.0), (0.25, 60.0), (0.2, 74.0), (0.2, 80.0)]}}
NoHebb
{'80': {'6': [(0.1, 0.8, 2.0), (0.1, 0.85, 2.5), (0.1, 0.55, 3.0), (0.1, 0.8, 2.5), (0.1, 0.6, 3.5), (0.1, 0.75, 3.0), (0.1, 0.3, 5.5), (0.1, 0.4, 4.0), (0.1, 0.25, 6.5), (0.1, 0.45, 3.5), (0.1, 0.7, 3.0), (0.1, 1.0, 2.0), (0.1, 0.2, 8.0), (0.1, 0.35, 4.5), (0.1, 0.2, 8.5), (0.1, 0.85, 2.0), (0.1, 0.6, 3.0), (0.1, 0.55, 4.0), (0.1, 0.75, 2.5), (0.1, 0.65, 2.5), (0.1, 0.35, 5.0), (0.05, 1.0, 2.0), (0.1, 0.25, 7.0), (0.1, 0.95, 2.0)]}, '30': {'6': [(0.1, 0.8, 2.0), (0.1, 0.85, 2.5), (0.1, 0.55, 3.0), (0.1, 0.8, 2.5), (0.1, 0.6, 3.5), (0.1, 0.75, 3.0), (0.1, 0.3, 5.5), (0.1, 0.4, 4.0), (0.1, 0.25, 6.5), (0.1, 0.45, 3.5), (0.1, 0.7, 3.0), (0.1, 1.0, 2.0), (0.1, 0.2, 8.0), (0.1, 0.35, 4.5), (0.1, 0.2, 8.5), (0.1, 0.85, 2.0), (0.1, 0.6, 3.0), (0.1, 0.55, 4.0), (0.1, 0.75, 2.5), (0.1, 0.65, 2.5), (0.1, 0.35, 5.0), (0.05, 1.0, 2.0), (0.1, 0.25, 7.0), (0.1, 0.95, 2.0)]}}
Bmod
{'80': {'6': [(0.05, 1.0, 2.0), (0.1, 0.95, 7.0), (0.1, 1.0, 2.5), (0.1, 0.9, 6.0), (0.05, 0.95, 2.0), (0.1, 0.95, 10.0), (0.1, 1.0, 7.0), (0.1, 0.95, 6.5), (0.1, 0.8, 3.0), (0.1, 0.9, 10.0), (0.1, 0.9, 3.0), (0.05, 0.9, 2.0), (0.1, 1.0, 9.5), (0.1, 1.0, 5.0), (0.1, 0.95, 3.0), (0.1, 0.85, 8.5), (0.1, 1.0, 9.0), (0.1, 0.9, 7.0), (0.1, 1.0, 10.0), (0.1, 0.95, 7.5), (0.1, 0.9, 6.5), (0.1, 1.0, 7.5), (0.1, 0.95, 9.5), (0.1, 0.95, 2.5), (0.1, 0.95, 5.0), (0.1, 0.8, 2.0), (0.1, 1.0, 8.0), (0.1, 1.0, 6.5), (0.05, 1.0, 1.5), (0.1, 0.9, 4.5), (0.1, 0.85, 2.5), (0.1, 1.0, 8.5), (0.1, 0.9, 9.5), (0.1, 0.85, 3.0), (0.1, 0.95, 5.5), (0.1, 1.0, 3.0), (0.1, 0.95, 4.5), (0.05, 0.95, 3.0), (0.1, 0.85, 5.0), (0.1, 0.9, 8.5), (0.1, 0.85, 8.0), (0.1, 0.95, 9.0), (0.1, 0.9, 3.5), (0.05, 1.0, 3.0), (0.1, 0.85, 3.5), (0.1, 0.9, 5.5), (0.1, 0.95, 2.0), (0.1, 1.0, 1.5), (0.1, 0.9, 9.0), (0.1, 1.0, 2.0), (0.1, 0.9, 4.0), (0.1, 0.95, 8.5), (0.1, 0.95, 6.0), (0.1, 0.9, 2.0), (0.05, 0.9, 3.0), (0.1, 1.0, 4.5), (0.1, 0.95, 8.0), (0.1, 0.8, 5.0), (0.1, 0.9, 2.5), (0.05, 1.0, 2.5), (0.1, 0.9, 1.5), (0.1, 0.95, 3.5), (0.1, 0.8, 8.5), (0.05, 0.95, 1.5), (0.05, 1.0, 4.0)]}, '30': {'6': [(0.05, 1.0, 2.0), (0.1, 0.95, 7.0), (0.1, 1.0, 2.5), (0.1, 0.9, 6.0), (0.05, 0.95, 2.0), (0.1, 0.95, 10.0), (0.1, 1.0, 7.0), (0.1, 0.95, 6.5), (0.1, 0.8, 3.0), (0.1, 0.9, 10.0), (0.1, 0.9, 3.0), (0.05, 0.9, 2.0), (0.1, 1.0, 9.5), (0.1, 1.0, 5.0), (0.1, 0.95, 3.0), (0.1, 0.85, 8.5), (0.1, 1.0, 9.0), (0.1, 0.9, 7.0), (0.1, 1.0, 10.0), (0.1, 0.95, 7.5), (0.1, 0.9, 6.5), (0.1, 1.0, 7.5), (0.1, 0.95, 9.5), (0.1, 0.95, 2.5), (0.1, 0.95, 5.0), (0.1, 0.8, 2.0), (0.1, 1.0, 8.0), (0.1, 1.0, 6.5), (0.05, 1.0, 1.5), (0.1, 0.9, 4.5), (0.1, 0.85, 2.5), (0.1, 1.0, 8.5), (0.1, 0.9, 9.5), (0.1, 0.85, 3.0), (0.1, 0.95, 5.5), (0.1, 1.0, 3.0), (0.1, 0.95, 4.5), (0.05, 0.95, 3.0), (0.1, 0.85, 5.0), (0.1, 0.9, 8.5), (0.1, 0.85, 8.0), (0.1, 0.95, 9.0), (0.1, 0.9, 3.5), (0.05, 1.0, 3.0), (0.1, 0.85, 3.5), (0.1, 0.9, 5.5), (0.1, 0.95, 2.0), (0.1, 1.0, 1.5), (0.1, 0.9, 9.0), (0.1, 1.0, 2.0), (0.1, 0.9, 4.0), (0.1, 0.95, 8.5), (0.1, 0.95, 6.0), (0.1, 0.9, 2.0), (0.05, 0.9, 3.0), (0.1, 1.0, 4.5), (0.1, 0.95, 8.0), (0.1, 0.8, 5.0), (0.1, 0.9, 2.5), (0.05, 1.0, 2.5), (0.1, 0.9, 1.5), (0.1, 0.95, 3.5), (0.1, 0.8, 8.5), (0.05, 0.95, 1.5), (0.05, 1.0, 4.0)]}}
