UCB
{'80': {'4': []}, '30': {'4': []}}
SACrit_BayesAnneal
{'80': {'4': [(0.1, 0.8, 3.5), (0.05, 1.0, 2.5), (0.1, 1.0, 2.5), (0.1, 0.85, 3.0), (0.05, 1.0, 3.0), (0.1, 0.85, 3.5), (0.1, 0.85, 4.5), (0.1, 0.9, 4.0), (0.1, 0.95, 4.0), (0.1, 1.0, 4.5), (0.1, 0.9, 3.5), (0.1, 1.0, 6.0), (0.1, 1.0, 5.0), (0.1, 0.95, 3.5), (0.1, 1.0, 5.5), (0.1, 0.95, 4.5), (0.1, 0.8, 5.5), (0.1, 0.8, 4.5), (0.1, 0.95, 3.0), (0.05, 1.0, 3.5), (0.1, 0.75, 5.5), (0.1, 1.0, 4.0), (0.1, 1.0, 6.5), (0.1, 0.85, 5.0), (0.1, 0.9, 4.5), (0.1, 0.8, 5.0), (0.1, 0.95, 5.5)]}, '30': {'4': [(0.1, 0.8, 3.5), (0.05, 1.0, 2.5), (0.1, 1.0, 2.5), (0.1, 0.85, 3.0), (0.05, 1.0, 3.0), (0.1, 0.85, 3.5), (0.1, 0.85, 4.5), (0.1, 0.9, 4.0), (0.1, 0.95, 4.0), (0.1, 1.0, 4.5), (0.1, 0.9, 3.5), (0.1, 1.0, 6.0), (0.1, 1.0, 5.0), (0.1, 0.95, 3.5), (0.1, 1.0, 5.5), (0.1, 0.95, 4.5), (0.1, 0.8, 5.5), (0.1, 0.8, 4.5), (0.1, 0.95, 3.0), (0.05, 1.0, 3.5), (0.1, 0.75, 5.5), (0.1, 1.0, 4.0), (0.1, 1.0, 6.5), (0.1, 0.85, 5.0), (0.1, 0.9, 4.5), (0.1, 0.8, 5.0), (0.1, 0.95, 5.5)]}}
SACrit_BayesAnneal_mod
{'80': {'4': [(0.1, 0.85, 4.0), (0.1, 0.75, 5.5), (0.1, 0.75, 5.0), (0.1, 0.9, 4.0), (0.1, 0.85, 3.5), (0.1, 0.75, 6.0), (0.1, 0.85, 4.5), (0.1, 0.9, 4.5), (0.1, 0.7, 6.5), (0.1, 0.85, 5.0), (0.1, 0.95, 1.5), (0.1, 0.9, 3.5), (0.1, 0.8, 3.5)]}, '30': {'4': [(0.1, 0.85, 4.0), (0.1, 0.75, 5.5), (0.1, 0.75, 5.0), (0.1, 0.9, 4.0), (0.1, 0.85, 3.5), (0.1, 0.75, 6.0), (0.1, 0.85, 4.5), (0.1, 0.9, 4.5), (0.1, 0.7, 6.5), (0.1, 0.85, 5.0), (0.1, 0.95, 1.5), (0.1, 0.9, 3.5), (0.1, 0.8, 3.5)]}}
RL
{'80': {'4': [(0.25, 54.0), (0.25, 52.0), (0.25, 50.0), (0.2, 84.0), (0.25, 40.0), (0.2, 82.0), (0.25, 56.0), (0.2, 76.0), (0.25, 48.0), (0.2, 74.0), (0.25, 68.0), (0.25, 46.0), (0.25, 44.0), (0.2, 72.0), (0.2, 66.0), (0.2, 28.0), (0.3, 38.0), (0.2, 32.0), (0.2, 70.0), (0.3, 36.0), (0.2, 64.0), (0.2, 62.0), (0.2, 68.0), (0.25, 42.0), (0.2, 50.0), (0.25, 36.0), (0.25, 34.0), (0.2, 40.0), (0.2, 54.0), (0.2, 38.0), (0.3, 40.0), (0.3, 42.0), (0.25, 32.0), (0.2, 52.0), (0.3, 30.0), (0.2, 56.0), (0.2, 30.0), (0.3, 46.0), (0.2, 44.0), (0.3, 44.0), (0.2, 60.0), (0.2, 58.0), (0.25, 30.0), (0.2, 48.0), (0.3, 48.0), (0.25, 22.0), (0.15, 32.0), (0.25, 28.0), (0.2, 26.0), (0.3, 28.0)]}, '30': {'4': [(0.25, 54.0), (0.25, 52.0), (0.25, 50.0), (0.2, 84.0), (0.25, 40.0), (0.2, 82.0), (0.25, 56.0), (0.2, 76.0), (0.25, 48.0), (0.2, 74.0), (0.25, 68.0), (0.25, 46.0), (0.25, 44.0), (0.2, 72.0), (0.2, 66.0), (0.2, 28.0), (0.3, 38.0), (0.2, 32.0), (0.2, 70.0), (0.3, 36.0), (0.2, 64.0), (0.2, 62.0), (0.2, 68.0), (0.25, 42.0), (0.2, 50.0), (0.25, 36.0), (0.25, 34.0), (0.2, 40.0), (0.2, 54.0), (0.2, 38.0), (0.3, 40.0), (0.3, 42.0), (0.25, 32.0), (0.2, 52.0), (0.3, 30.0), (0.2, 56.0), (0.2, 30.0), (0.3, 46.0), (0.2, 44.0), (0.3, 44.0), (0.2, 60.0), (0.2, 58.0), (0.25, 30.0), (0.2, 48.0), (0.3, 48.0), (0.25, 22.0), (0.15, 32.0), (0.25, 28.0), (0.2, 26.0), (0.3, 28.0)]}}
NoHebb
{'80': {'4': [(0.1, 0.85, 2.5), (0.1, 0.9, 2.5), (0.1, 0.7, 3.0), (0.1, 0.9, 3.0), (0.1, 0.6, 3.5), (0.1, 0.15, 6.5), (0.1, 0.65, 3.5), (0.1, 0.75, 3.5), (0.1, 0.85, 4.0), (0.1, 0.65, 1.5), (0.1, 0.8, 3.0), (0.1, 0.75, 3.0), (0.1, 0.1, 8.5), (0.1, 0.35, 6.0), (0.1, 0.75, 4.5)]}, '30': {'4': [(0.1, 0.85, 2.5), (0.1, 0.9, 2.5), (0.1, 0.7, 3.0), (0.1, 0.9, 3.0), (0.1, 0.6, 3.5), (0.1, 0.15, 6.5), (0.1, 0.65, 3.5), (0.1, 0.75, 3.5), (0.1, 0.85, 4.0), (0.1, 0.65, 1.5), (0.1, 0.8, 3.0), (0.1, 0.75, 3.0), (0.1, 0.1, 8.5), (0.1, 0.35, 6.0), (0.1, 0.75, 4.5)]}}
Bmod
{'80': {'4': [(0.1, 1.0, 2.5), (0.1, 0.9, 2.0), (0.1, 0.95, 2.0), (0.1, 1.0, 2.0), (0.1, 0.8, 4.0), (0.1, 0.9, 2.5), (0.1, 0.95, 2.5), (0.1, 0.85, 4.0), (0.1, 0.85, 3.0), (0.1, 0.95, 3.0), (0.1, 0.8, 3.5), (0.1, 0.8, 3.0), (0.1, 0.9, 3.0), (0.1, 0.95, 4.0), (0.1, 0.9, 4.0), (0.1, 0.85, 4.5), (0.1, 0.95, 3.5), (0.1, 1.0, 3.0), (0.1, 0.85, 3.5), (0.1, 0.9, 4.5)]}, '30': {'4': [(0.1, 1.0, 2.5), (0.1, 0.9, 2.0), (0.1, 0.95, 2.0), (0.1, 1.0, 2.0), (0.1, 0.8, 4.0), (0.1, 0.9, 2.5), (0.1, 0.95, 2.5), (0.1, 0.85, 4.0), (0.1, 0.85, 3.0), (0.1, 0.95, 3.0), (0.1, 0.8, 3.5), (0.1, 0.8, 3.0), (0.1, 0.9, 3.0), (0.1, 0.95, 4.0), (0.1, 0.9, 4.0), (0.1, 0.85, 4.5), (0.1, 0.95, 3.5), (0.1, 1.0, 3.0), (0.1, 0.85, 3.5), (0.1, 0.9, 4.5)]}}
