UCB
{'80': {'2': []}, '30': {'2': []}}
SACrit_BayesAnneal
{'80': {'2': [(0.1, 1.0, 3.0), (0.1, 1.0, 2.5), (0.1, 0.95, 3.0), (0.1, 0.9, 3.0), (0.05, 1.0, 2.5)]}, '30': {'2': [(0.1, 1.0, 3.0), (0.1, 1.0, 2.5), (0.1, 0.95, 3.0), (0.1, 0.9, 3.0), (0.05, 1.0, 2.5)]}}
SACrit_BayesAnneal_mod
{'80': {'2': [(0.1, 0.95, 2.0), (0.1, 0.9, 2.0), (0.1, 0.9, 1.5), (0.1, 1.0, 2.0), (0.1, 1.0, 1.5), (0.1, 0.95, 2.5), (0.1, 0.9, 2.5), (0.1, 1.0, 2.5), (0.1, 0.9, 3.0), (0.1, 0.85, 2.5), (0.1, 0.95, 3.0), (0.1, 0.75, 3.0), (0.1, 0.85, 3.0), (0.1, 1.0, 3.0), (0.1, 0.95, 3.5), (0.1, 0.9, 3.5), (0.1, 1.0, 3.5), (0.1, 0.9, 10.0), (0.1, 1.0, 6.0), (0.1, 0.95, 10.0), (0.1, 1.0, 8.0), (0.1, 0.85, 5.5), (0.1, 1.0, 6.5), (0.1, 0.9, 9.5), (0.1, 1.0, 7.0), (0.1, 0.85, 3.5), (0.1, 0.75, 4.0), (0.1, 0.95, 4.0), (0.1, 1.0, 8.5), (0.1, 1.0, 5.5)]}, '30': {'2': [(0.1, 0.95, 2.0), (0.1, 0.9, 2.0), (0.1, 0.9, 1.5), (0.1, 1.0, 2.0), (0.1, 1.0, 1.5), (0.1, 0.95, 2.5), (0.1, 0.9, 2.5), (0.1, 1.0, 2.5), (0.1, 0.9, 3.0), (0.1, 0.85, 2.5), (0.1, 0.95, 3.0), (0.1, 0.75, 3.0), (0.1, 0.85, 3.0), (0.1, 1.0, 3.0), (0.1, 0.95, 3.5), (0.1, 0.9, 3.5), (0.1, 1.0, 3.5), (0.1, 0.9, 10.0), (0.1, 1.0, 6.0), (0.1, 0.95, 10.0), (0.1, 1.0, 8.0), (0.1, 0.85, 5.5), (0.1, 1.0, 6.5), (0.1, 0.9, 9.5), (0.1, 1.0, 7.0), (0.1, 0.85, 3.5), (0.1, 0.75, 4.0), (0.1, 0.95, 4.0), (0.1, 1.0, 8.5), (0.1, 1.0, 5.5)]}}
RL
{'80': {'2': [(0.25, 64.0), (0.25, 66.0), (0.3, 48.0), (0.25, 70.0), (0.25, 76.0), (0.25, 72.0), (0.25, 68.0), (0.25, 60.0), (0.25, 58.0), (0.3, 70.0), (0.3, 46.0), (0.35, 84.0), (0.4, 58.0), (0.25, 82.0), (0.25, 90.0), (0.25, 92.0), (0.3, 72.0), (0.25, 78.0), (0.3, 74.0), (0.25, 86.0), (0.35, 34.0), (0.35, 74.0), (0.35, 72.0), (0.25, 88.0), (0.3, 68.0), (0.35, 36.0)]}, '30': {'2': [(0.25, 64.0), (0.25, 66.0), (0.3, 48.0), (0.25, 70.0), (0.25, 76.0), (0.25, 72.0), (0.25, 68.0), (0.25, 60.0), (0.25, 58.0), (0.3, 70.0), (0.3, 46.0), (0.35, 84.0), (0.4, 58.0), (0.25, 82.0), (0.25, 90.0), (0.25, 92.0), (0.3, 72.0), (0.25, 78.0), (0.3, 74.0), (0.25, 86.0), (0.35, 34.0), (0.35, 74.0), (0.35, 72.0), (0.25, 88.0), (0.3, 68.0), (0.35, 36.0)]}}
NoHebb
{'80': {'2': []}, '30': {'2': []}}
Bmod
{'80': {'2': [(0.1, 0.95, 1.5), (0.1, 0.95, 2.0), (0.1, 0.9, 2.0), (0.1, 1.0, 1.5), (0.05, 0.95, 1.0), (0.1, 1.0, 2.0), (0.05, 0.9, 1.0), (0.1, 1.0, 2.5), (0.1, 0.95, 2.5)]}, '30': {'2': [(0.1, 0.95, 1.5), (0.1, 0.95, 2.0), (0.1, 0.9, 2.0), (0.1, 1.0, 1.5), (0.05, 0.95, 1.0), (0.1, 1.0, 2.0), (0.05, 0.9, 1.0), (0.1, 1.0, 2.5), (0.1, 0.95, 2.5)]}}
