UCB
{'80': {'3': []}, '30': {'3': []}}
SACrit_BayesAnneal
{'80': {'3': [(0.1, 0.95, 4.0), (0.1, 1.0, 5.0), (0.1, 1.0, 4.0), (0.1, 0.95, 3.5), (0.1, 1.0, 4.5), (0.1, 1.0, 3.5), (0.1, 0.95, 5.0), (0.1, 0.95, 4.5), (0.1, 0.9, 3.5), (0.1, 1.0, 5.5), (0.1, 0.95, 3.0), (0.1, 0.9, 4.5), (0.1, 0.95, 2.5), (0.1, 0.9, 5.0), (0.1, 0.95, 5.5), (0.1, 0.9, 5.5), (0.1, 1.0, 2.0), (0.1, 0.95, 2.0), (0.1, 1.0, 3.0), (0.1, 1.0, 6.0), (0.1, 0.85, 5.0), (0.1, 1.0, 7.5), (0.1, 1.0, 7.0), (0.05, 1.0, 4.0), (0.1, 0.95, 6.0), (0.1, 1.0, 2.5), (0.1, 1.0, 6.5), (0.1, 1.0, 8.0), (0.1, 0.85, 5.5)]}, '30': {'3': [(0.1, 0.95, 4.0), (0.1, 1.0, 5.0), (0.1, 1.0, 4.0), (0.1, 0.95, 3.5), (0.1, 1.0, 4.5), (0.1, 1.0, 3.5), (0.1, 0.95, 5.0), (0.1, 0.95, 4.5), (0.1, 0.9, 3.5), (0.1, 1.0, 5.5), (0.1, 0.95, 3.0), (0.1, 0.9, 4.5), (0.1, 0.95, 2.5), (0.1, 0.9, 5.0), (0.1, 0.95, 5.5), (0.1, 0.9, 5.5), (0.1, 1.0, 2.0), (0.1, 0.95, 2.0), (0.1, 1.0, 3.0), (0.1, 1.0, 6.0), (0.1, 0.85, 5.0), (0.1, 1.0, 7.5), (0.1, 1.0, 7.0), (0.05, 1.0, 4.0), (0.1, 0.95, 6.0), (0.1, 1.0, 2.5), (0.1, 1.0, 6.5), (0.1, 1.0, 8.0), (0.1, 0.85, 5.5)]}}
SACrit_BayesAnneal_mod
{'80': {'3': [(0.1, 0.8, 2.5), (0.1, 0.75, 2.5), (0.1, 0.9, 5.5), (0.1, 0.9, 5.0), (0.1, 0.85, 2.5), (0.1, 0.9, 6.0), (0.1, 0.85, 2.0), (0.1, 0.85, 5.0), (0.1, 0.85, 3.5), (0.1, 0.8, 5.5), (0.1, 0.75, 5.5), (0.1, 0.75, 5.0), (0.1, 0.8, 6.0), (0.1, 0.85, 5.5), (0.1, 0.75, 6.5), (0.1, 0.8, 6.5), (0.1, 0.7, 6.5), (0.1, 0.7, 7.0), (0.1, 0.75, 6.0), (0.1, 0.8, 5.0), (0.1, 0.7, 7.5), (0.1, 0.9, 7.0), (0.1, 0.75, 7.0), (0.1, 0.95, 5.0), (0.1, 0.85, 6.0), (0.1, 0.9, 4.0), (0.1, 0.85, 1.0), (0.1, 0.7, 5.5), (0.1, 0.9, 3.5), (0.1, 0.9, 2.5), (0.1, 0.9, 6.5), (0.1, 0.7, 8.0), (0.1, 0.9, 3.0), (0.1, 0.9, 8.0), (0.1, 0.85, 4.0), (0.1, 0.85, 4.5), (0.1, 0.9, 10.0), (0.1, 0.95, 5.5), (0.1, 0.9, 2.0), (0.1, 0.8, 7.5), (0.1, 0.7, 8.5), (0.1, 0.9, 8.5), (0.1, 0.8, 7.0), (0.1, 0.7, 6.0), (0.1, 0.65, 7.5), (0.1, 0.7, 9.0), (0.1, 0.8, 4.5), (0.1, 0.85, 6.5), (0.1, 0.95, 4.5), (0.1, 0.75, 8.0), (0.1, 0.8, 4.0), (0.1, 0.9, 7.5), (0.1, 0.9, 9.5), (0.1, 1.0, 5.0), (0.1, 0.95, 2.0), (0.1, 0.75, 7.5), (0.1, 0.75, 8.5), (0.1, 0.85, 7.0)]}, '30': {'3': [(0.1, 0.8, 2.5), (0.1, 0.75, 2.5), (0.1, 0.9, 5.5), (0.1, 0.9, 5.0), (0.1, 0.85, 2.5), (0.1, 0.9, 6.0), (0.1, 0.85, 2.0), (0.1, 0.85, 5.0), (0.1, 0.85, 3.5), (0.1, 0.8, 5.5), (0.1, 0.75, 5.5), (0.1, 0.75, 5.0), (0.1, 0.8, 6.0), (0.1, 0.85, 5.5), (0.1, 0.75, 6.5), (0.1, 0.8, 6.5), (0.1, 0.7, 6.5), (0.1, 0.7, 7.0), (0.1, 0.75, 6.0), (0.1, 0.8, 5.0), (0.1, 0.7, 7.5), (0.1, 0.9, 7.0), (0.1, 0.75, 7.0), (0.1, 0.95, 5.0), (0.1, 0.85, 6.0), (0.1, 0.9, 4.0), (0.1, 0.85, 1.0), (0.1, 0.7, 5.5), (0.1, 0.9, 3.5), (0.1, 0.9, 2.5), (0.1, 0.9, 6.5), (0.1, 0.7, 8.0), (0.1, 0.9, 3.0), (0.1, 0.9, 8.0), (0.1, 0.85, 4.0), (0.1, 0.85, 4.5), (0.1, 0.9, 10.0), (0.1, 0.95, 5.5), (0.1, 0.9, 2.0), (0.1, 0.8, 7.5), (0.1, 0.7, 8.5), (0.1, 0.9, 8.5), (0.1, 0.8, 7.0), (0.1, 0.7, 6.0), (0.1, 0.65, 7.5), (0.1, 0.7, 9.0), (0.1, 0.8, 4.5), (0.1, 0.85, 6.5), (0.1, 0.95, 4.5), (0.1, 0.75, 8.0), (0.1, 0.8, 4.0), (0.1, 0.9, 7.5), (0.1, 0.9, 9.5), (0.1, 1.0, 5.0), (0.1, 0.95, 2.0), (0.1, 0.75, 7.5), (0.1, 0.75, 8.5), (0.1, 0.85, 7.0)]}}
RL
{'80': {'3': [(0.2, 48.0), (0.2, 50.0), (0.2, 52.0), (0.2, 44.0), (0.2, 56.0), (0.2, 46.0), (0.3, 50.0), (0.3, 64.0), (0.3, 66.0), (0.2, 54.0), (0.2, 68.0), (0.3, 60.0), (0.3, 68.0), (0.3, 48.0), (0.2, 66.0), (0.2, 58.0), (0.3, 46.0), (0.2, 72.0), (0.3, 58.0), (0.2, 70.0), (0.2, 62.0), (0.2, 64.0), (0.3, 52.0), (0.2, 60.0), (0.2, 74.0), (0.25, 36.0), (0.25, 96.0), (0.25, 46.0), (0.15, 82.0), (0.3, 32.0), (0.25, 42.0), (0.25, 38.0), (0.15, 60.0), (0.25, 44.0), (0.25, 92.0), (0.15, 84.0), (0.25, 94.0), (0.25, 98.0), (0.15, 62.0), (0.25, 100.0), (0.2, 98.0), (0.2, 100.0), (0.2, 76.0), (0.25, 90.0), (0.15, 86.0), (0.15, 78.0), (0.15, 80.0), (0.15, 76.0), (0.2, 96.0), (0.15, 72.0), (0.15, 46.0), (0.25, 48.0), (0.2, 78.0), (0.25, 82.0), (0.15, 64.0)]}, '30': {'3': [(0.2, 48.0), (0.2, 50.0), (0.2, 52.0), (0.2, 44.0), (0.2, 56.0), (0.2, 46.0), (0.3, 50.0), (0.3, 64.0), (0.3, 66.0), (0.2, 54.0), (0.2, 68.0), (0.3, 60.0), (0.3, 68.0), (0.3, 48.0), (0.2, 66.0), (0.2, 58.0), (0.3, 46.0), (0.2, 72.0), (0.3, 58.0), (0.2, 70.0), (0.2, 62.0), (0.2, 64.0), (0.3, 52.0), (0.2, 60.0), (0.2, 74.0), (0.25, 36.0), (0.25, 96.0), (0.25, 46.0), (0.15, 82.0), (0.3, 32.0), (0.25, 42.0), (0.25, 38.0), (0.15, 60.0), (0.25, 44.0), (0.25, 92.0), (0.15, 84.0), (0.25, 94.0), (0.25, 98.0), (0.15, 62.0), (0.25, 100.0), (0.2, 98.0), (0.2, 100.0), (0.2, 76.0), (0.25, 90.0), (0.15, 86.0), (0.15, 78.0), (0.15, 80.0), (0.15, 76.0), (0.2, 96.0), (0.15, 72.0), (0.15, 46.0), (0.25, 48.0), (0.2, 78.0), (0.25, 82.0), (0.15, 64.0)]}}
NoHebb
{'80': {'3': [(0.1, 1.0, 3.5), (0.1, 0.95, 3.5), (0.1, 0.9, 4.0), (0.1, 1.0, 5.0), (0.1, 0.95, 5.0), (0.1, 0.85, 4.0), (0.1, 0.9, 5.0), (0.1, 0.8, 4.5), (0.1, 0.85, 5.5), (0.1, 1.0, 4.5), (0.1, 0.95, 4.5), (0.1, 0.85, 5.0), (0.1, 0.9, 4.5), (0.1, 0.9, 3.5), (0.1, 0.8, 5.5), (0.1, 0.75, 6.0), (0.1, 0.95, 4.0), (0.1, 0.75, 5.5), (0.1, 1.0, 4.0)]}, '30': {'3': [(0.1, 1.0, 3.5), (0.1, 0.95, 3.5), (0.1, 0.9, 4.0), (0.1, 1.0, 5.0), (0.1, 0.95, 5.0), (0.1, 0.85, 4.0), (0.1, 0.9, 5.0), (0.1, 0.8, 4.5), (0.1, 0.85, 5.5), (0.1, 1.0, 4.5), (0.1, 0.95, 4.5), (0.1, 0.85, 5.0), (0.1, 0.9, 4.5), (0.1, 0.9, 3.5), (0.1, 0.8, 5.5), (0.1, 0.75, 6.0), (0.1, 0.95, 4.0), (0.1, 0.75, 5.5), (0.1, 1.0, 4.0)]}}
Bmod
{'80': {'3': [(0.1, 0.95, 1.5), (0.1, 0.8, 2.5), (0.1, 1.0, 1.0), (0.1, 0.9, 2.0), (0.1, 0.85, 2.5), (0.1, 1.0, 1.5), (0.1, 0.95, 2.0), (0.1, 0.95, 2.5), (0.1, 0.9, 1.0), (0.1, 0.85, 2.0), (0.1, 0.75, 2.5), (0.1, 0.95, 1.0), (0.1, 0.9, 1.5), (0.1, 0.85, 1.5), (0.1, 1.0, 2.0), (0.1, 1.0, 3.5), (0.1, 0.9, 2.5), (0.1, 1.0, 2.5), (0.1, 0.95, 4.0), (0.1, 1.0, 5.0), (0.1, 1.0, 4.5), (0.1, 1.0, 4.0), (0.1, 0.8, 3.0), (0.1, 0.95, 3.5), (0.1, 0.65, 3.0), (0.1, 0.95, 5.0), (0.1, 0.95, 3.0), (0.1, 0.95, 4.5), (0.1, 0.9, 3.0), (0.1, 0.9, 5.0), (0.1, 0.85, 3.0), (0.1, 1.0, 5.5), (0.1, 1.0, 3.0), (0.1, 0.9, 4.0), (0.1, 0.95, 5.5), (0.1, 0.85, 3.5), (0.1, 0.9, 3.5), (0.1, 0.7, 3.5), (0.1, 0.9, 4.5), (0.1, 0.9, 5.5)]}, '30': {'3': [(0.1, 0.95, 1.5), (0.1, 0.8, 2.5), (0.1, 1.0, 1.0), (0.1, 0.9, 2.0), (0.1, 0.85, 2.5), (0.1, 1.0, 1.5), (0.1, 0.95, 2.0), (0.1, 0.95, 2.5), (0.1, 0.9, 1.0), (0.1, 0.85, 2.0), (0.1, 0.75, 2.5), (0.1, 0.95, 1.0), (0.1, 0.9, 1.5), (0.1, 0.85, 1.5), (0.1, 1.0, 2.0), (0.1, 1.0, 3.5), (0.1, 0.9, 2.5), (0.1, 1.0, 2.5), (0.1, 0.95, 4.0), (0.1, 1.0, 5.0), (0.1, 1.0, 4.5), (0.1, 1.0, 4.0), (0.1, 0.8, 3.0), (0.1, 0.95, 3.5), (0.1, 0.65, 3.0), (0.1, 0.95, 5.0), (0.1, 0.95, 3.0), (0.1, 0.95, 4.5), (0.1, 0.9, 3.0), (0.1, 0.9, 5.0), (0.1, 0.85, 3.0), (0.1, 1.0, 5.5), (0.1, 1.0, 3.0), (0.1, 0.9, 4.0), (0.1, 0.95, 5.5), (0.1, 0.85, 3.5), (0.1, 0.9, 3.5), (0.1, 0.7, 3.5), (0.1, 0.9, 4.5), (0.1, 0.9, 5.5)]}}
